transport_do_sklepow_tyg [*,Piaseczno,Buraki,*] (tr)
:  ArabicGroceryShop DobryWarzywniak Krzesak UKermita UPanaWojtka    :=
1         0.000            0.947       1.325   0.877      0.000
2         0.000            2.231       4.337   0.764      0.000
3         0.000            0.000       0.000   0.727      0.000
4         0.000            0.352       0.000   1.906      0.000
5         0.000            0.862       4.950   0.000      0.000
6         0.000            1.003       0.000   0.383      0.000
7         0.000            1.688       0.000   1.787      0.000
8         0.718            0.000       0.000   0.039      0.000
9         1.097            2.048       6.864   0.000      0.000
10        0.000            0.799       0.000   1.700      0.000
11        1.276            0.000       0.000   0.000      0.000
12        1.167            0.000       0.000   0.000      0.000
13        1.894            3.317       0.215   0.600      0.000
14        0.000            0.000       3.671   0.745      0.000
15        0.000            0.000       0.000   2.175      0.000
16        0.000            0.769       0.000   0.000      0.000
17        0.000            0.000       4.331   0.000      0.000
18        0.000            0.000       0.000   0.000      0.000
19        0.000            2.076       0.000   0.816      0.000
20        0.000            0.637       0.652   0.850      0.000
21        0.000            0.000       1.905   1.439      0.000
22        0.000            1.195       0.000   0.000      0.000
23        0.000            0.509       3.284   1.397      0.000
24        0.000            0.844       0.000   0.000      0.000
25        0.000            0.880       4.250   2.171      0.000
26        1.985            2.865       0.000   0.000      0.000
27        0.000            0.932       0.000   0.000      0.000
28        0.000            0.000       3.416   1.257      0.000
29        0.000            0.426       0.000   0.193      0.000
30        2.264            1.995       3.505   1.424      0.000
31        0.105            0.000       0.000   0.005      0.000
32        0.000            2.147       1.795   0.807      0.000
33        2.515            0.000       3.048   0.486      0.000
34        0.000            2.147       0.000   1.598      0.000
35        0.000            0.000       5.025   0.000      0.907
36        0.000            2.989       0.000   0.800      0.000
37        1.257            0.000       0.000   1.595      0.000
38        0.000            0.038       2.002   0.000      0.000
39        0.495            2.147       2.000   1.595      0.000
40        2.515            0.000       3.444   0.000      0.000
41        0.000            1.073       0.000   0.797      0.000
42        0.000            1.073       1.881   0.721      0.000
43        1.257            1.967       1.998   1.602      0.000
44        0.000            1.226       3.383   0.000      0.000
45        2.479            0.000       0.000   2.043      0.000
46        0.000            2.146       4.815   0.000      0.000
47        1.257            0.000       3.149   1.052      0.000
48        0.000            1.959       0.000   0.000      0.000
49        0.000            0.000       0.000   2.140      0.000
50        0.000            1.954       3.170   0.000      0.000
51        0.000            0.000       0.000   0.252      0.000
52        0.861            1.073       1.684   0.797      0.000

 [*,Piaseczno,Kapusta,*] (tr)
:  DobryWarzywniak Krzesak UKermita    :=
1        1.193       0.000   1.134
2        0.000       0.000   0.000
3        2.660       0.000   0.855
4        0.000       0.000   0.644
5        0.000       0.000   0.000
6        1.405       0.000   0.709
7        0.000       0.000   0.460
8        0.000       0.000   0.700
9        0.178       0.000   0.000
10       0.000       1.897   0.889
11       0.834       0.000   0.000
12       0.000       0.000   0.000
13       0.867       0.814   1.244
14       0.000       3.072   0.000
15       1.162       0.000   0.000
16       0.000       0.000   1.351
17       0.000       0.000   0.000
18       1.157       0.000   0.000
19       0.000       0.000   0.367
20       0.447       2.090   0.468
21       0.694       0.000   1.288
22       1.793       0.000   0.000
23       0.000       2.087   0.000
24       0.000       0.000   1.090
25       0.591       1.648   0.000
26       1.512       0.000   1.548
27       0.000       1.037   0.000
28       1.893       3.387   0.000
29       0.000       0.000   0.414
30       0.000       0.000   0.467
31       1.673       0.000   1.329
32       0.000       3.917   0.000
33       1.711       0.000   0.000
34       0.000       0.000   0.505
35       0.779       0.000   1.215
36       0.555       0.000   0.000
37       0.822       2.298   0.579
38       1.246       0.000   0.704
39       0.391       0.000   1.126
40       1.351       0.000   0.032
41       0.262       0.000   0.681
42       0.852       0.000   1.136
43       0.943       3.284   0.395
44       2.106       0.000   0.000
45       0.000       0.000   0.445
46       0.000       0.000   1.242
47       2.174       0.000   0.000
48       0.000       0.000   0.695
49       0.000       1.220   1.000
50       1.460       3.176   0.000
51       0.000       0.000   0.538
52       0.900       0.000   0.576

 [*,Piaseczno,Marchew,*] (tr)
:  DobryWarzywniak Krzesak UKermita    :=
1        1.353       3.674   0.945
2        1.073       0.000   0.687
3        0.000       0.000   1.405
4        2.515       2.850   0.000
5        0.000       0.000   0.707
6        0.000       6.004   1.926
7        2.348       0.000   0.076
8        0.000       0.000   0.000
9        0.000       1.099   0.603
10       1.852       0.000   0.539
11       0.000       0.000   2.565
12       0.000       2.727   0.000
13       1.599       0.000   0.000
14       0.000       4.757   0.000
15       0.000       0.000   0.000
16       1.370       0.000   0.761
17       0.000       0.000   1.596
18       0.840       0.961   0.000
19       2.839       1.153   0.108
20       0.000       4.350   1.464
21       0.857       0.000   0.000
22       0.000       0.000   0.629
23       2.191       0.000   2.373
24       0.000       2.692   0.000
25       0.022       0.000   0.000
26       0.927       0.000   0.371
27       1.243       1.529   1.533
28       0.939       3.100   0.000
29       2.889       0.000   1.287
30       0.170       3.748   0.000
31       0.000       0.000   1.507
32       1.927       2.286   0.000
33       1.364       3.436   1.263
34       0.292       0.000   0.000
35       3.020       0.000   0.600
36       0.062       2.994   0.921
37       0.000       0.000   0.784
38       2.277       1.929   0.912
39       0.000       4.412   0.866
40       2.295       0.000   0.802
41       0.000       6.822   0.911
42       2.899       0.000   0.674
43       0.000       1.990   0.867
44       0.515       0.000   2.258
45       1.125       0.000   0.000
46       0.979       0.000   0.000
47       1.643       2.004   0.910
48       0.688       5.336   0.901
49       0.797       0.000   0.720
50       0.805       0.386   0.816
51       1.254       1.508   0.768
52       1.213       1.634   0.833

 [*,Piaseczno,Ziemniaki,*] (tr)
:  DobryWarzywniak Krzesak UKermita    :=
1        3.507       1.700   1.286
2        0.000       5.680   2.905
3        1.064       0.000   0.000
4        0.000       0.000   0.000
5        2.414       6.461   2.495
6        0.000       0.000   0.000
7        0.689       0.000   1.491
8        2.238       1.875   0.000
9        2.011       0.000   1.615
10       0.000       4.212   0.000
11       0.000       6.414   0.747
12       0.961       0.000   1.491
13       0.949       0.000   0.000
14       1.380       0.000   2.453
15       0.000       0.000   0.000
16       1.870       8.988   0.000
17       0.000       0.000   1.398
18       1.131       0.000   0.000
19       1.155       4.583   2.849
20       2.438       0.000   0.278
21       0.000       1.471   0.000
22       2.457       0.000   1.594
23       0.000       0.000   0.000
24       3.686       0.000   1.232
25       0.000       7.365   1.208
26       0.000       0.000   0.775
27       1.752       0.123   0.836
28       1.311       0.000   2.158
29       1.379       8.356   0.000
30       1.226       0.000   2.319
31       1.874       0.000   0.000
32       1.626       3.357   0.774
33       1.635       0.000   2.715
34       1.886       1.755   0.000
35       1.624       5.808   0.000
36       1.058       0.000   2.477
37       2.559       0.697   0.067
38       1.083       9.174   2.454
39       2.587       0.000   0.227
40       0.785       0.000   1.183
41       1.467       0.593   2.474
42       1.737       5.115   1.260
43       1.933       0.000   0.000
44       1.276       2.091   1.201
45       2.925       8.648   0.691
46       0.128       0.000   1.051
47       1.688       0.000   1.688
48       2.147       1.283   2.151
49       0.534       7.307   0.000
50       1.104       0.000   1.156
51       3.431       0.000   2.337
52       0.165       2.126   0.000

 [*,Pruszkow,Buraki,*] (tr)
:  ArabicGroceryShop UAktora UCHLOPAKOW UPanaWojtka    :=
1         1.314        3.310    1.082       0.000
2         1.263        0.000    1.638       0.000
3         0.896        0.000    0.000       0.000
4         1.151        0.000    3.192       0.000
5         0.765        1.607    0.000       2.065
6         2.695        0.000    0.000       0.000
7         0.000        1.997    2.655       0.000
8         0.000        0.000    0.000       0.000
9         0.000        0.000    0.000       0.000
10        1.068        0.765    2.622       0.000
11        0.000        3.503    0.000       0.000
12        0.000        0.000    0.000       0.000
13        0.000        0.000    3.692       0.000
14        0.000        1.813    0.000       0.000
15        3.231        0.000    0.000       0.000
16        0.000        0.000    0.000       0.000
17        0.000        0.000    1.229       0.000
18        1.260        0.689    0.454       0.000
19        1.415        1.171    1.786       0.000
20        0.000        0.673    0.000       0.000
21        1.040        0.819    0.707       0.000
22        2.071        1.662    1.020       0.000
23        0.000        0.000    4.346       0.000
24        2.276        1.775    0.000       0.000
25        0.000        0.000    0.000       0.000
26        0.000        1.072    0.000       0.000
27        0.000        0.707    0.942       0.000
28        2.341        2.200    1.141       0.000
29        0.115        0.000    2.785       0.000
30        0.000        2.143    0.000       1.230
31        0.000        0.000    3.322       0.000
32        1.257        3.191    0.000       0.000
33        0.000        0.041    0.230       0.000
34        0.000        0.000    0.762       0.000
35        2.107        1.150    1.097       0.000
36        0.407        1.150    3.529       0.000
37        0.000        1.719    0.000       0.000
38        2.020        1.668    0.000       0.247
39        0.000        0.000    2.800       1.227
40        0.000        1.150    0.000       0.000
41        0.000        2.108    1.242       0.000
42        1.257        0.192    1.161       0.000
43        0.000        1.150    1.708       1.227
44        1.257        1.148    3.098       0.000
45        0.000        2.898    0.000       0.000
46        0.000        0.000    0.000       0.000
47        0.000        0.269    0.927       0.000
48        2.379        1.151    1.129       0.000
49        0.135        1.135    2.201       0.000
50        1.257        0.818    0.000       0.000
51        1.257        1.593    1.280       0.000
52        0.000        0.000    1.028       0.309

 [*,Pruszkow,Kapusta,*] (tr)
:  Krzesak UAktora UCHLOPAKOW    :=
1    2.626   1.242    1.187
2    0.000   0.000    0.000
3    0.000   3.149    0.529
4    0.959   0.000    2.049
5    1.596   0.000    0.000
6    0.000   0.000    0.000
7    0.720   0.000    0.631
8    0.852   0.000    2.715
9    0.760   0.000    0.000
10   0.000   0.547    0.000
11   0.000   1.524    0.000
12   1.096   0.000    0.000
13   0.000   0.000    1.771
14   0.000   0.000    0.000
15   0.000   0.000    0.000
16   0.000   1.274    2.493
17   0.894   0.000    0.000
18   0.000   0.000    0.000
19   0.842   0.000    0.299
20   0.000   0.000    0.000
21   0.000   0.557    1.161
22   0.000   0.558    0.000
23   0.000   0.000    1.201
24   0.000   0.000    0.000
25   0.000   0.000    2.170
26   0.000   1.177    0.000
27   0.000   0.000    0.000
28   0.000   0.768    1.730
29   0.000   0.610    0.000
30   0.000   0.661    1.709
31   2.500   1.980    0.000
32   0.000   0.143    0.540
33   0.000   0.000    2.145
34   0.000   0.000    0.000
35   0.000   0.000    0.000
36   0.000   0.000    2.599
37   0.000   0.771    0.000
38   0.000   1.005    0.000
39   1.268   0.693    0.702
40   3.468   1.070    2.028
41   0.000   0.000    0.000
42   0.000   0.000    3.135
43   0.000   0.000    0.362
44   0.000   1.593    0.000
45   0.000   0.000    0.000
46   1.114   0.731    0.317
47   1.367   2.110    2.709
48   1.569   0.000    0.000
49   0.000   0.000    0.000
50   0.000   0.000    0.000
51   0.000   0.000    0.881
52   0.000   0.491    0.652

 [*,Pruszkow,Marchew,*] (tr)
:  ArabicGroceryShop Krzesak UAktora UCHLOPAKOW UPanaWojtka    :=
1         1.241        0.000   0.759    0.985       0.000
2         1.221        0.113   1.891    3.090       0.000
3         3.618        0.000   0.398    0.000       0.000
4         0.000        0.000   0.000    0.482       0.000
5         0.000        0.000   2.452    0.000       0.000
6         1.253        0.000   0.000    1.904       0.000
7         0.000        0.000   0.000    0.000       0.000
8         0.909        0.000   0.000    1.963       0.000
9         2.791        0.000   2.416    0.000       0.000
10        0.457        0.000   0.000    1.932       0.000
11        0.000        0.000   0.000    0.000       0.000
12        1.880        0.000   2.124    0.935       0.000
13        0.000        0.000   0.000    0.000       0.000
14        1.939        0.000   0.000    1.060       0.000
15        0.000        0.000   2.155    4.686       0.000
16        1.822        0.000   0.000    0.000       0.000
17        0.000        0.000   0.000    0.000       0.000
18        3.517        0.000   2.128    0.000       0.000
19        0.000        0.000   0.311    0.000       0.000
20        0.000        0.000   0.000    0.000       0.000
21        0.000        0.000   3.513    2.259       0.000
22        1.095        0.000   1.076    0.000       0.000
23        3.006        0.000   0.000    0.212       0.000
24        0.000        0.000   0.000    1.983       0.000
25        0.000        0.000   0.000    0.000       0.000
26        1.888        1.273   0.357    4.067       0.000
27        0.020        0.000   1.743    0.000       0.000
28        1.117        0.000   0.000    0.544       0.000
29        1.229        0.000   2.231    0.000       0.000
30        2.346        0.000   0.000    2.459       0.000
31        0.000        0.000   1.967    0.000       0.000
32        1.432        0.000   0.000    4.768       0.000
33        1.182        0.000   1.977    0.000       0.576
34        1.443        0.000   0.000    0.000       0.000
35        1.421        0.000   1.185    0.000       0.000
36        2.843        0.000   2.762    0.000       0.000
37        0.000        0.000   0.000    2.305       0.000
38        2.301        0.000   2.053    0.000       0.000
39        0.325        0.000   0.000    2.678       0.000
40        2.194        0.000   1.583    0.000       0.866
41        2.348        0.000   0.816    1.593       0.000
42        0.881        0.000   3.289    2.219       0.000
43        0.000        0.000   1.667    0.000       0.000
44        2.714        0.000   0.000    1.935       0.000
45        0.000        0.000   0.000    0.000       0.000
46        1.230        0.000   0.783    4.393       0.000
47        1.421        0.000   0.835    0.000       0.000
48        1.132        0.000   2.886    0.000       0.000
49        1.275        0.000   0.000    0.000       0.000
50        2.547        0.000   0.000    2.742       0.000
51        0.000        0.000   1.525    0.000       0.000
52        0.792        0.000   0.000    0.267       0.000

 [*,Pruszkow,Ziemniaki,*] (tr)
:  UAktora UCHLOPAKOW    :=
1    1.138    4.775
2    2.136    0.000
3    0.000    0.000
4    2.004    0.000
5    0.000    1.559
6    2.557    1.278
7    0.000    3.571
8    0.000    0.000
9    3.186    0.000
10   0.000    2.207
11   0.000    0.000
12   1.174    3.487
13   3.287    0.000
14   0.000    1.237
15   0.000    0.000
16   1.703    1.220
17   0.000    2.311
18   4.019    0.000
19   0.000    2.336
20   0.000    0.000
21   1.849    4.564
22   0.000    0.000
23   1.938    0.000
24   0.000    1.730
25   3.965    0.057
26   0.000    1.733
27   2.945    2.706
28   0.000    0.000
29   0.000    3.290
30   2.699    1.624
31   0.000    1.775
32   1.478    0.000
33   1.130    1.069
34   3.972    1.867
35   0.000    2.945
36   1.510    0.000
37   3.010    1.523
38   0.000    3.756
39   3.610    0.000
40   0.010    1.684
41   1.818    4.313
42   1.673    0.000
43   1.424    2.454
44   1.536    0.000
45   1.697    3.416
46   3.423    0.000
47   0.000    0.925
48   0.839    1.447
49   1.480    3.600
50   1.106    2.574
51   1.080    0.000
52   0.991    0.000

 [*,Zielonka,Buraki,*] (tr)
:  Stoisko UKarolci UPanaWojtka VegitoWarzywa    :=
1    1.118   5.187      3.949        3.066
2    3.414   0.000      0.000        0.000
3    0.000   0.000      0.624        4.361
4    0.000   2.200      0.000        0.000
5    0.000   2.844      0.000        0.000
6    0.932   0.000      0.000        1.100
7    2.952   3.241      0.847        1.983
8    0.000   0.000      3.297        0.000
9    0.235   1.302      0.000        3.722
10   0.764   2.735      0.854        0.672
11   2.075   0.353      0.000        0.000
12   0.000   7.645      1.083        0.000
13   0.578   0.000      1.218        3.390
14   1.740   0.000      2.748        0.000
15   0.000   0.000      0.000        0.000
16   0.687   0.000      0.000        2.039
17   2.843   0.574      0.765        0.000
18   0.000   4.452      2.042        1.126
19   0.367   0.000      0.000        0.892
20   0.000   0.000      1.175        0.703
21   2.593   1.512      1.983        4.936
22   0.705   5.229      0.000        0.000
23   0.383   0.000      1.639        0.000
24   0.000   0.000      1.659        0.000
25   1.049   1.066      0.000        1.334
26   3.390   5.525      2.930        2.808
27   0.000   0.000      0.000        1.144
28   0.000   0.000      1.564        0.000
29   1.313   1.379      0.000        2.934
30   0.000   3.010      0.000        0.000
31   1.073   0.959      2.453        4.292
32   1.073   4.173      0.000        0.765
33   1.073   0.084      2.773        0.357
34   1.413   4.094      0.000        0.000
35   1.729   0.000      0.000        1.533
36   0.000   2.156      3.433        1.533
37   2.326   2.067      0.000        1.533
38   0.000   2.154      0.000        1.533
39   1.466   2.147      0.000        1.531
40   0.489   6.330      3.464        1.377
41   1.817   0.000      0.000        1.452
42   0.329   0.000      0.000        3.015
43   1.073   2.147      0.000        0.000
44   3.219   6.288      1.227        1.533
45   0.000   0.000      1.203        2.997
46   0.000   1.555      1.229        0.000
47   0.867   2.604      2.469        3.561
48   2.082   0.000      0.000        0.000
49   0.000   1.029      1.211        1.442
50   0.833   5.293      3.255        0.000
51   1.938   0.000      0.000        1.554
52   0.000   0.000      0.000        1.424

 [*,Zielonka,Kapusta,*] (tr)
:  ArabicGroceryShop Stoisko UAktora UKarolci UPanaWojtka VegitoWarzywa    :=
1         0.816        0.770   0.000   1.190      0.684        1.930
2         1.344        0.601   0.000   3.619      0.640        0.000
3         0.000        1.279   0.000   0.000      1.140        1.641
4         2.202        0.000   0.000   0.000      0.482        1.131
5         0.000        0.340   0.000   0.849      1.284        0.140
6         0.000        1.968   0.000   0.937      0.000        0.752
7         1.987        0.000   0.000   2.103      2.615        0.676
8         0.000        0.000   0.000   0.000      0.000        0.565
9         0.000        1.932   0.000   3.814      0.000        0.733
10        0.709        0.000   0.000   0.000      0.219        1.363
11        2.099        0.000   0.000   0.000      1.840        0.000
12        0.031        2.126   0.000   0.000      0.000        2.039
13        0.000        0.000   0.000   1.067      0.000        0.000
14        1.811        0.000   1.017   0.533      0.729        0.000
15        0.000        0.000   0.000   1.787      1.439        1.300
16        0.000        1.442   0.000   0.000      0.000        0.000
17        1.440        0.000   0.000   1.031      0.130        2.045
18        0.000        0.000   0.000   0.720      0.554        0.000
19        1.101        0.570   1.243   2.936      1.506        0.000
20        0.000        2.389   0.000   0.000      0.000        1.289
21        2.712        0.000   0.000   0.000      0.620        0.000
22        0.000        0.000   0.000   1.871      2.398        0.894
23        0.000        0.000   0.490   0.000      0.000        3.193
24        0.000        0.410   1.077   1.136      0.000        0.000
25        0.743        1.719   0.000   3.440      0.465        0.000
26        0.656        0.000   0.000   0.000      2.157        0.000
27        0.638        0.000   0.000   0.000      0.000        1.584
28        2.770        0.740   0.000   2.150      0.000        0.000
29        0.000        1.367   0.000   0.000      1.719        1.940
30        0.472        0.000   0.000   2.854      0.000        0.000
31        0.000        2.154   0.000   0.000      0.822        1.661
32        1.033        0.000   0.000   1.333      2.007        0.000
33        0.823        0.000   0.000   3.879      0.000        1.033
34        1.025        1.428   0.816   0.000      0.935        2.749
35        2.094        0.000   1.856   0.000      1.079        0.000
36        0.000        0.681   0.000   3.031      0.888        0.643
37        2.680        0.693   0.000   0.000      0.885        1.067
38        0.000        0.757   0.000   4.492      2.115        1.106
39        0.185        1.720   0.000   0.000      0.000        1.800
40        0.853        0.000   1.514   0.000      0.636        0.000
41        1.009        0.759   0.000   4.442      1.106        0.913
42        0.979        0.909   0.000   1.248      1.067        2.124
43        2.690        0.760   0.714   0.000      2.767        0.000
44        0.000        1.396   0.000   0.000      0.000        1.146
45        0.147        0.000   0.000   3.725      0.772        2.016
46        1.127        0.944   0.000   0.000      0.311        0.000
47        0.998        0.785   0.000   0.000      0.821        0.551
48        0.787        0.782   0.000   2.314      1.855        2.692
49        1.695        1.666   0.000   0.000      0.000        0.000
50        0.000        0.000   0.427   1.063      1.583        0.000
51        0.823        0.000   0.527   2.257      0.000        1.931
52        0.532        0.715   0.000   0.000      0.766        0.000

 [*,Zielonka,Marchew,*] (tr)
:  Stoisko UKarolci UPanaWojtka VegitoWarzywa    :=
1    1.071   1.703      1.918        1.525
2    1.387   4.285      0.000        1.322
3    0.381   4.378      2.344        1.463
4    2.773   0.000      0.000        1.064
5    0.000   0.000      2.926        3.810
6    0.000   0.000      0.000        0.000
7    0.515   0.911      0.598        0.000
8    1.034   7.180      0.000        0.623
9    1.139   0.812      2.350        2.111
10   0.767   0.000      0.000        0.000
11   2.555   0.136      3.979        0.979
12   0.000   0.000      0.000        3.654
13   0.000   0.000      0.000        0.000
14   0.658   3.784      0.474        0.000
15   1.005   0.000      0.000        0.471
16   2.099   0.000      4.619        0.909
17   0.000   3.722      0.000        1.002
18   0.000   0.000      0.000        3.745
19   1.447   1.583      0.000        0.000
20   0.000   0.000      0.000        0.000
21   0.939   1.387      1.851        0.000
22   1.857   4.406      0.000        1.247
23   0.000   0.000      2.399        0.950
24   2.456   0.000      0.000        4.126
25   0.000   1.573      1.992        0.598
26   0.000   1.833      0.000        0.000
27   2.277   1.520      0.924        0.000
28   0.000   1.643      2.725        3.709
29   1.357   3.004      0.000        0.000
30   0.000   0.105      1.255        2.838
31   1.428   2.461      0.974        0.000
32   0.644   2.008      1.403        0.000
33   3.287   2.009      0.811        1.483
34   0.000   1.864      1.387        2.999
35   0.000   6.246      2.684        0.000
36   1.806   0.000      0.000        1.754
37   1.132   0.000      1.317        4.619
38   0.000   3.433      1.910        0.000
39   1.225   1.156      0.871        0.000
40   1.181   2.068      0.000        4.372
41   2.362   1.865      1.754        0.000
42   0.000   3.782      1.067        0.404
43   1.949   2.539      1.387        0.984
44   0.000   0.000      1.387        2.964
45   1.159   1.811      1.046        0.000
46   1.222   1.806      3.118        1.612
47   3.027   3.412      0.727        2.146
48   0.000   0.000      0.000        0.000
49   0.203   1.772      1.405        2.799
50   1.264   4.650      1.074        0.000
51   1.259   0.159      2.298        1.109
52   0.000   0.000      0.000        1.389

 [*,Zielonka,Ziemniaki,*] (tr)
:  ArabicGroceryShop Stoisko UKarolci UPanaWojtka VegitoWarzywa    :=
1         4.829        1.569   2.475      1.448        2.258
2         0.000        1.186   2.145      1.272        3.830
3         1.231        1.344   2.069      1.655        0.000
4         0.000        1.662   3.237      1.689        3.793
5         3.000        2.989   6.120      1.236        0.000
6         0.000        0.000   0.000      1.396        5.280
7         1.421        0.000   0.000      2.445        1.851
8         4.551        2.958   3.485      0.000        0.000
9         0.000        0.912   0.000      1.543        0.000
10        0.000        0.211   2.307      2.737        0.000
11        2.712        1.387   3.794      0.000        4.239
12        0.000        1.292   0.000      1.345        0.000
13        3.834        3.972   5.154      3.336        0.000
14        0.000        0.000   0.000      0.382        1.384
15        0.000        0.000   0.000      0.210        1.651
16        3.413        1.570   9.227      1.203        6.062
17        1.527        0.000   0.000      1.026        0.000
18        0.000        3.731   0.000      1.136        0.000
19        0.000        0.000   0.103      2.724        0.000
20        1.201        0.000   0.000      3.264        0.112
21        3.108        0.138   3.935      0.000        2.724
22        0.742        1.204   0.000      1.524        0.851
23        0.159        1.395   2.006      0.000        3.069
24        1.421        0.971   8.244      3.516        0.000
25        4.717        2.177   0.000      0.537        1.668
26        0.000        0.423   0.000      0.000        3.363
27        0.000        0.957   6.102      1.322        0.000
28        1.077        2.680   0.000      1.681        3.622
29        3.252        0.000   5.260      1.546        0.000
30        0.000        3.560   0.000      3.713        2.118
31        4.218        0.000   0.000      0.000        0.986
32        1.650        1.015   5.540      2.865        2.449
33        0.000        1.484   0.000      1.321        3.754
34        3.887        1.504   2.671      2.047        0.540
35        0.082        1.395   3.605      2.449        4.579
36        2.246        2.810   2.500      1.545        2.250
37        2.243        0.000   2.810      1.786        0.000
38        1.693        3.457   3.084      2.226        3.606
39        4.038        0.068   5.522      3.769        0.666
40        0.000        1.568   1.147      0.706        1.834
41        1.756        1.598   2.349      1.095        4.004
42        1.948        3.340   2.846      3.733        0.000
43        2.270        1.313   2.818      0.477        4.832
44        2.041        0.030   3.146      2.201        0.000
45        1.515        2.274   3.427      3.671        1.913
46        3.894        1.394   4.191      0.000        5.176
47        0.425        1.602   0.000      1.711        0.099
48        3.330        1.700   6.929      3.198        0.000
49        0.000        1.263   0.000      2.143        1.712
50        3.046        3.483   0.000      0.000        5.710
51        0.499        0.000   4.273      1.493        0.000
52        1.105        0.021   0.228      1.629        0.000
;

