sum{m in MAGAZYNY, w in WARZYWA} transport_do_sklepow_tyg[s,m,w,t]*koszt_transportu*dystans_sklep_magazyn[s,m] [*,*]
:  ArabicGroceryShop DobryWarzywniak   Krzesak    Stoisko   UAktora UCHLOPAKOW   UKarolci  UKermita UPanaWojtka VegitoWarzywa    :=
1        783.163          479.500       849.240   459.583   593.369   650.365     971.009   275.735    816.000      724.352
2        355.278          226.295       916.923   668.720   370.436   382.946     924.449   283.132    195.010      425.085
3        526.880          255.057         0.000   304.897   326.310    42.833     593.121   194.137    587.830      615.886
4        319.408          196.406       346.595   450.147   184.327   463.624     500.154   165.768    221.500      494.077
5        362.836          224.406      1180.308   337.950   373.434   126.280     902.843   208.188    763.124      325.905
6        355.313          164.942       543.332   294.336   235.229   257.667      86.168   196.182    142.344      588.340
7        333.984          323.644        66.566   351.921   183.762   555.421     575.473   247.865    663.495      372.103
8        591.362          153.314       248.515   405.160     0.000   378.864     981.208    48.019    336.252       98.035
9        348.229          290.245       790.968   428.137   515.425     0.000     545.326   144.148    397.086      541.717
10       206.767          181.588       552.851   176.841   120.684   547.661     463.939   203.288    388.549      167.876
11       584.443           57.155       580.433   610.713   462.446     0.000     394.082   215.314    593.544      430.484
12       275.527           65.842       348.169   346.924   303.426   358.173     703.315    96.905    247.652      469.660
13       543.319          461.228        93.098   461.760   302.366   442.464     572.339   119.853    464.434      279.683
14       351.974           94.536      1040.726   243.350   278.691   186.091     397.104   207.901    441.951      114.203
15       290.788           79.575         0.000   101.983   198.230   379.535     164.393   141.366    168.211      282.310
16       498.506          274.595       813.383   588.544   273.854   300.761     848.869   137.289    593.804      743.268
17       290.763            0.000       474.639   288.523     0.000   286.766     490.123   194.617    195.814      251.323
18       429.885          214.236        86.986   378.686   628.960    36.742     475.800     0.000    380.757      401.795
19       235.323          415.743       597.000   241.943   273.080   358.148     425.291   269.155    431.459       73.577
20       117.701          241.306       641.819   242.457    61.931     0.000       0.000   198.854    452.721      173.571
21       664.008          106.188       305.570   372.519   619.905   703.984     628.790   177.234    454.224      631.939
22       357.636          372.986         0.000   382.225   303.225    82.585    1058.596   144.477    400.039      246.834
23       286.138          184.928       486.038   180.427   232.210   466.441     184.575   245.063    411.932      594.992
24       344.071          310.348       243.591   389.445   281.812   300.725     862.920   150.945    527.847      340.370
25       535.097          102.227      1200.314   501.967   364.818   180.374     559.269   219.599    305.324      296.991
26       409.885          363.304       117.714   387.037   239.743   469.809     676.938   175.078    518.906      509.103
27        64.302          269.010       243.406   328.214   496.348   295.472     701.264   154.038    229.068      225.074
28       688.284          283.797       896.227   347.207   273.050   276.630     348.952   221.931    608.883      604.829
29       439.591          321.559       756.181   409.715   261.440   492.065     887.176   123.177    333.062      402.087
30       457.735          232.293       656.401   361.385   506.289   469.194     549.159   273.672    630.453      408.884
31       422.603          242.944       231.225   472.569   363.141   412.893     314.601   184.639    433.414      572.447
32       505.084          390.451      1027.504   277.364   442.657   429.919    1200.956   102.785    640.121      265.135
33       409.566          322.634       586.737   593.141   289.533   278.900     549.494   290.143    558.211      546.788
34       611.272          296.267       158.835   440.978   455.129   212.960     793.975   136.664    445.628      518.673
35       530.870          371.465       980.404   317.048   418.967   327.357     906.254   117.928    723.309      504.287
36       512.580          319.489       271.001   537.607   498.772   496.303     707.227   272.830    598.387      509.885
37       593.753          231.574       271.053   421.386   505.994   310.097     448.676   196.614    406.759      595.582
38       554.739          318.085      1185.944   427.718   434.798   304.207    1210.918   264.563    662.441      515.298
39       486.898          351.021       697.676   454.694   395.869   500.590     811.885   247.864    596.549      329.676
40       503.587          303.534       632.512   328.693   517.309   300.636     878.112   131.049    577.211      625.607
41       482.320          191.967       671.018   663.394   436.191   579.070     796.357   316.061    403.426      525.437
42       479.250          449.507       633.175   464.687   474.155   527.717     724.519   246.451    598.395      457.212
43       597.315          331.745       658.173   517.215   468.724   366.404     690.384   186.105    595.593      479.856
44       557.524          350.858       495.380   471.441   393.495   407.702     867.937   224.866    491.023      465.570
45       382.200          277.429       782.599   348.401   422.755   276.677     824.570   206.649    682.516      571.359
46       602.745          222.801       538.817   361.288   454.201   381.478     694.777   149.028    475.020      560.009
47       378.630          377.099       592.838   637.411   295.619   369.388     553.511   237.261    584.182      524.348
48       719.488          328.433       744.104   463.230   448.590   208.665     850.360   243.600    515.346      222.059
49       293.078           91.139       771.672   317.860   240.594   469.903     257.758   250.886    485.397      491.191
50       640.847          364.617       609.246   566.395   223.898   430.586    1012.573   128.179    602.953      471.089
51       242.695          320.928       136.467   324.493   444.229   175.073     615.382   253.164    386.616      379.034
52       308.022          229.586       492.594    74.653   136.285   157.691      20.985   143.381    275.374      232.047
;

