sum{m in MAGAZYNY, w in WARZYWA} transport_do_sklepow_tyg[s,m,w,t] [*,*]
:  ArabicGroceryShop DobryWarzywniak  Krzesak Stoisko UAktora UCHLOPAKOW UKarolci UKermita UPanaWojtka VegitoWarzywa    :=
1         8.200            7.000        9.326   4.528   6.450    8.029     10.554   4.242      8.000        8.780
2         3.828            3.304       10.129   6.588   4.026    4.728     10.048   4.356      1.912        5.153
3         5.745            3.723        0.000   3.004   3.547    0.529      6.447   2.987      5.763        7.465
4         3.353            2.867        3.809   4.435   2.004    5.724      5.436   2.550      2.172        5.989
5         3.765            3.276       13.007   3.330   4.059    1.559      9.814   3.203      7.512        3.950
6         3.948            2.408        6.004   2.900   2.557    3.181      0.937   3.018      1.396        7.131
7         3.408            4.725        0.720   3.467   1.997    6.857      6.255   3.813      6.505        4.510
8         6.178            2.238        2.727   3.992   0.000    4.677     10.665   0.739      3.297        1.188
9         3.887            4.237        8.723   4.218   5.602    0.000      5.927   2.218      3.893        6.566
10        2.234            2.651        6.109   1.742   1.312    6.761      5.043   3.128      3.809        2.035
11        6.087            0.834        6.414   6.017   5.027    0.000      4.283   3.313      5.819        5.218
12        3.078            0.961        3.823   3.418   3.298    4.422      7.645   1.491      2.428        5.693
13        5.728            6.733        1.029   4.549   3.287    5.463      6.221   1.844      4.553        3.390
14        3.750            1.380       11.500   2.398   2.830    2.297      4.316   3.198      4.333        1.384
15        3.231            1.162        0.000   1.005   2.155    4.686      1.787   2.175      1.649        3.422
16        5.236            4.009        8.988   5.798   2.977    3.713      9.227   2.112      5.822        9.009
17        2.967            0.000        5.225   2.843   0.000    3.540      5.327   2.994      1.920        3.046
18        4.777            3.128        0.961   3.731   6.837    0.454      5.172   0.000      3.733        4.870
19        2.517            6.069        6.578   2.384   2.725    4.422      4.623   4.141      4.230        0.892
20        1.201            3.523        7.092   2.389   0.673    0.000      0.000   3.059      4.438        2.104
21        6.861            1.550        3.376   3.670   6.738    8.691      6.835   2.727      4.453        7.660
22        3.908            5.445        0.000   3.766   3.296    1.020     11.506   2.223      3.922        2.992
23        3.165            2.700        5.371   1.778   2.428    5.759      2.006   3.770      4.039        7.212
24        3.697            4.531        2.692   3.837   2.852    3.713      9.380   2.322      5.175        4.126
25        5.460            1.492       13.263   4.945   3.965    2.227      6.079   3.378      2.993        3.600
26        4.529            5.304        1.273   3.813   2.606    5.800      7.358   2.694      5.087        6.171
27        0.658            3.927        2.690   3.234   5.395    3.648      7.622   2.370      2.246        2.728
28        7.306            4.143        9.903   3.421   2.968    3.415      3.793   3.414      5.969        7.331
29        4.595            4.694        8.356   4.037   2.842    6.075      9.643   1.895      3.265        4.874
30        5.082            3.391        7.253   3.560   5.503    5.793      5.969   4.210      6.199        4.956
31        4.322            3.547        2.500   4.656   3.947    5.097      3.420   2.841      4.249        6.939
32        5.373            5.700       11.354   2.733   4.811    5.308     13.054   1.581      6.276        3.214
33        4.519            4.710        6.483   5.844   3.147    3.443      5.973   4.464      5.481        6.628
34        6.355            4.325        1.755   4.345   4.787    2.629      8.630   2.103      4.369        6.287
35        5.705            5.423       10.833   3.124   4.191    4.041      9.851   1.814      7.118        6.113
36        5.496            4.664        2.994   5.297   5.421    6.127      7.687   4.197      5.867        6.180
37        6.181            3.381        2.995   4.152   5.500    3.828      4.877   3.025      3.988        7.219
38        6.013            4.644       13.104   4.214   4.726    3.756     13.162   4.070      6.498        6.246
39        5.043            5.124        7.681   4.480   4.303    6.180      8.825   3.813      5.867        3.996
40        5.562            4.431        6.912   3.238   5.327    3.712      9.545   2.016      5.672        7.583
41        5.113            2.802        7.415   6.536   4.741    7.149      8.656   4.862      3.955        6.369
42        5.065            6.562        6.996   4.578   5.154    6.515      7.875   3.792      5.867        5.542
43        6.217            4.843        7.273   5.096   4.955    4.524      7.504   2.863      5.857        5.816
44        6.013            5.122        5.474   4.645   4.277    5.033      9.434   3.459      4.814        5.643
45        4.140            4.050        8.648   3.433   4.595    3.416      8.963   3.179      6.691        6.926
46        6.251            3.253        5.929   3.559   4.937    4.710      7.552   2.293      4.657        6.788
47        4.101            5.505        6.520   6.280   3.213    4.560      6.016   3.650      5.727        6.356
48        7.628            4.795        8.187   4.564   4.876    2.576      9.243   3.748      5.052        2.692
49        3.106            1.330        8.527   3.132   2.615    5.801      2.802   3.860      4.759        5.954
50        6.850            5.323        6.732   5.580   2.350    5.316     11.006   1.972      5.911        5.710
51        2.579            4.685        1.508   3.197   4.725    2.161      6.689   3.895      3.790        4.594
52        3.291            3.352        5.443   0.735   1.481    1.947      0.228   2.206      2.704        2.813
;

