transport_do_sklepow_tyg [*,Piaseczno,Buraki,*] (tr)
:  ArabicGroceryShop DobryWarzywniak Krzesak UKermita UPanaWojtka    :=
1         0.000            1.181       1.832   0.553      0.000
2         0.000            1.935       4.484   0.715      0.000
3         0.000            0.000       0.345   0.665      2.033
4         0.000            1.006       0.000   2.265      0.000
5         0.000            0.985       5.769   0.017      0.000
6         0.000            1.081       0.407   0.000      0.000
7         0.000            1.839       0.000   0.882      0.000
8         0.000            0.000       0.000   1.019      0.000
9         0.982            2.287       6.223   0.000      0.745
10        0.000            0.961       0.000   1.475      0.000
11        1.303            0.000       0.000   0.000      0.000
12        1.237            0.000       0.000   0.811      0.000
13        1.775            2.740       0.118   0.712      0.000
14        0.718            0.000       4.192   0.761      0.000
15        0.000            0.000       0.000   2.493      0.000
16        0.000            2.358       0.000   0.000      0.000
17        0.000            0.000       4.069   0.000      0.000
18        0.000            0.000       0.000   0.000      0.000
19        0.000            1.693       0.000   0.824      0.000
20        0.000            0.926       1.326   1.590      0.000
21        0.000            0.000       1.456   0.000      0.000
22        0.000            1.181       1.897   0.000      0.000
23        0.000            0.726       3.208   0.873      0.000
24        0.000            1.073       0.000   0.000      1.750
25        0.000            0.547       4.199   2.147      0.000
26        2.589            3.630       0.000   0.000      0.000
27        0.000            0.000       0.000   0.000      0.000
28        0.000            0.000       3.740   1.505      0.000
29        0.000            0.168       0.000   0.093      0.267
30        2.515            1.589       3.909   1.498      0.000
31        0.000            0.558       0.000   0.000      1.227
32        0.000            2.147       1.908   0.797      1.227
33        2.030            0.000       4.211   0.797      0.000
34        0.000            2.147       0.000   1.595      0.000
35        0.000            0.000       6.319   0.000      1.227
36        0.000            2.147       0.000   0.911      0.000
37        1.257            0.000       0.000   1.416      0.000
38        0.000            1.073       2.322   0.000      0.000
39        1.257            2.147       2.243   2.107      0.000
40        2.515            0.000       3.880   0.000      0.578
41        0.000            1.073       0.000   0.000      0.000
42        0.000            1.073       1.789   0.796      0.000
43        1.257            2.287       1.785   1.402      0.000
44        0.000            0.329       3.335   0.000      0.000
45        2.515            0.604       0.000   1.715      0.000
46        0.000            1.875       4.374   0.000      0.000
47        1.257            0.000       3.775   0.870      0.000
48        0.000            2.147       0.000   0.000      0.000
49        0.000            0.000       0.000   1.616      0.000
50        0.000            3.025       2.998   0.000      0.000
51        0.000            0.000       0.000   0.751      0.000
52        1.257            0.195       1.776   0.802      0.000

 [*,Piaseczno,Kapusta,*] (tr)
:  DobryWarzywniak Krzesak UKermita    :=
1        1.351       0.000   1.053
2        0.000       1.402   0.000
3        2.003       0.000   0.753
4        0.000       0.000   0.336
5        0.000       0.000   0.000
6        2.019       2.246   0.624
7        0.000       0.000   0.583
8        0.000       0.000   0.688
9        1.118       0.000   0.000
10       0.000       2.695   1.361
11       0.923       0.000   0.000
12       0.000       0.000   0.166
13       1.340       0.683   1.413
14       0.000       1.812   0.000
15       0.900       0.000   0.000
16       0.000       0.813   1.470
17       0.763       1.654   0.000
18       0.970       0.000   0.000
19       0.000       0.830   0.255
20       0.652       1.926   0.358
21       0.388       0.000   0.922
22       1.990       1.222   0.000
23       0.000       2.072   0.000
24       0.000       0.000   0.753
25       0.342       1.736   0.000
26       1.040       0.000   1.435
27       0.000       1.005   0.000
28       1.560       3.692   0.000
29       0.080       0.000   0.503
30       0.820       0.000   0.405
31       1.879       0.000   1.650
32       0.000       5.141   0.135
33       1.613       0.000   0.000
34       0.000       1.635   0.550
35       0.729       0.000   1.368
36       0.753       0.000   0.000
37       0.950       3.046   0.427
38       1.302       0.000   0.913
39       0.293       1.377   1.185
40       1.095       0.000   0.000
41       0.659       0.041   0.000
42       0.945       0.000   0.539
43       0.933       3.267   1.100
44       1.818       0.000   0.000
45       0.000       0.000   0.693
46       0.459       0.000   0.747
47       2.085       0.000   0.000
48       0.000       1.876   0.358
49       0.581       0.777   0.935
50       0.833       3.103   0.485
51       0.541       0.000   0.409
52       0.832       0.000   0.612

 [*,Piaseczno,Marchew,*] (tr)
:  ArabicGroceryShop DobryWarzywniak Krzesak UKermita UPanaWojtka    :=
1         0.000            1.177       3.006   0.535      0.000
2         0.734            1.721       0.000   0.663      0.000
3         0.000            0.000       1.475   1.331      0.000
4         0.000            2.710       3.161   0.000      0.000
5         0.671            0.000       0.000   0.891      0.000
6         0.000            0.519       4.076   1.979      0.000
7         0.000            2.359       0.000   0.064      0.000
8         0.000            0.048       0.000   0.000      0.000
9         0.000            0.000       3.611   0.442      0.000
10        0.000            2.251       0.000   0.927      0.000
11        0.000            0.000       0.000   2.241      0.000
12        0.000            0.000       2.408   0.000      0.000
13        0.000            1.140       0.000   0.944      0.000
14        0.000            1.440       5.052   0.000      0.000
15        0.000            0.000       0.000   0.171      0.000
16        0.000            1.761       0.000   0.690      0.000
17        0.000            0.000       0.000   1.465      0.000
18        0.000            0.463       1.211   0.000      0.000
19        3.224            3.142       1.211   0.324      0.000
20        0.000            0.000       5.908   1.520      0.000
21        0.000            0.000       0.000   0.000      0.000
22        0.000            0.000       0.000   0.043      0.000
23        0.000            2.466       0.000   2.050      0.000
24        0.000            0.000       3.923   0.000      0.000
25        0.000            0.113       0.000   0.000      0.000
26        0.000            0.963       0.000   0.000      0.000
27        1.101            0.539       1.585   1.392      0.000
28        1.451            1.269       3.646   0.000      0.000
29        0.000            3.406       0.000   1.332      0.000
30        0.000            0.000       3.366   0.000      0.000
31        2.503            0.031       0.000   0.910      2.773
32        0.000            1.493       1.732   0.836      0.000
33        1.775            1.929       3.127   1.666      0.000
34        0.000            0.000       2.622   0.000      0.000
35        1.426            2.765       0.000   0.912      0.000
36        0.000            0.447       4.065   0.901      0.000
37        0.000            0.441       0.000   0.670      0.000
38        0.000            2.331       2.572   0.922      0.000
39        0.000            0.000       6.309   0.521      0.855
40        0.000            2.434       0.000   0.834      0.000
41        2.962            0.000       5.978   0.681      0.000
42        0.000            2.567       0.000   0.720      0.000
43        0.000            0.000       1.427   0.556      0.000
44        0.000            1.073       0.000   1.940      0.000
45        1.036            1.720       0.000   0.000      0.000
46        0.000            0.216       0.000   0.512      0.000
47        0.000            1.800       1.942   0.617      0.000
48        0.000            0.634       5.568   0.394      0.000
49        0.000            1.213       0.000   0.939      0.000
50        0.000            1.094       0.000   0.901      0.000
51        0.000            0.964       1.092   0.643      0.000
52        1.421            1.237       1.785   0.854      0.000

 [*,Piaseczno,Ziemniaki,*] (tr)
:  DobryWarzywniak Krzesak UKermita    :=
1        3.291       2.343   0.712
2        0.747       6.538   2.933
3        1.525       0.000   0.000
4        0.000       0.000   0.000
5        3.206       5.872   2.123
6        0.000       0.000   0.000
7        1.158       0.000   1.974
8        3.526       3.837   0.000
9        0.238       0.000   1.887
10       0.000       4.504   0.000
11       0.952       5.730   1.197
12       0.792       0.000   1.606
13       1.533       0.000   0.000
14       2.169       0.000   2.039
15       0.000       0.000   0.421
16       2.142       9.371   0.519
17       0.375       0.000   1.376
18       0.705       0.000   0.000
19       1.302       2.893   2.593
20       2.089       0.000   0.000
21       0.000       4.188   0.000
22       2.696       0.000   1.311
23       0.000       1.161   0.000
24       3.325       0.000   0.547
25       0.000       5.994   1.144
26       0.000       0.000   0.606
27       2.814       2.134   0.994
28       0.000       0.000   2.168
29       1.338       8.039   0.000
30       1.758       0.000   2.401
31       1.932       0.000   0.000
32       1.913       4.993   0.906
33       1.592       0.000   1.780
34       1.565       2.865   1.351
35       1.853       3.280   0.554
36       1.618       2.281   2.322
37       3.294       2.745   0.000
38       0.427       7.573   2.280
39       2.521       0.000   0.000
40       0.918       1.702   1.059
41       1.657       2.302   3.001
42       1.937       4.634   0.889
43       1.913       0.000   0.054
44       1.913       2.567   0.402
45       2.808       8.930   1.405
46       0.000       0.000   0.927
47       1.695       0.228   2.918
48       1.869       0.510   0.000
49       1.920       6.812   0.000
50       1.535       0.000   1.421
51       2.993       0.000   2.181
52       0.000       2.416   0.000

 [*,Pruszkow,Buraki,*] (tr)
:  ArabicGroceryShop UAktora UCHLOPAKOW UPanaWojtka    :=
1         1.383        2.876    1.235       2.503
2         1.257        0.000    2.187       0.000
3         1.257        0.000    0.000       0.000
4         1.962        0.000    3.136       0.000
5         0.474        1.814    0.000       1.827
6         3.269        0.000    0.470       0.000
7         0.000        1.850    2.801       0.000
8         0.000        0.000    0.000       0.000
9         0.000        0.000    0.000       0.000
10        0.780        0.000    3.250       2.144
11        0.000        3.940    0.000       0.000
12        0.000        0.000    0.000       2.830
13        0.000        0.000    3.342       0.000
14        0.000        1.137    0.000       0.000
15        3.537        0.000    0.000       0.000
16        0.000        0.000    0.000       0.000
17        0.000        0.000    1.110       0.757
18        1.884        0.978    1.026       0.000
19        0.696        0.587    2.030       1.801
20        1.078        0.632    0.000       0.000
21        0.974        0.583    0.970       0.000
22        2.399        1.663    0.729       0.000
23        0.000        0.000    4.466       0.000
24        2.481        1.619    0.000       0.000
25        0.000        0.000    0.000       0.000
26        0.000        0.953    0.000       0.000
27        0.000        1.027    1.380       1.227
28        1.821        1.452    1.380       2.186
29        0.620        0.000    2.756       0.000
30        0.000        1.612    0.000       1.227
31        0.000        0.000    2.789       0.000
32        1.742        2.698    0.000       0.000
33        0.000        0.530    1.044       0.000
34        0.000        0.000    1.380       0.000
35        1.924        0.762    1.006       0.000
36        0.590        0.499    1.635       3.069
37        0.000        1.788    1.159       0.000
38        1.257        0.032    1.366       0.000
39        0.000        0.000    2.853       1.227
40        0.000        1.108    0.000       0.000
41        0.000        2.023    1.177       2.453
42        1.257        0.000    1.390       0.000
43        0.000        1.273    2.220       1.227
44        1.257        0.000    2.683       2.216
45        0.000        3.212    0.000       0.000
46        0.000        0.000    0.000       0.000
47        0.000        0.000    1.201       0.000
48        1.257        0.626    1.399       0.889
49        1.257        0.496    2.489       1.133
50        1.257        0.895    0.000       0.000
51        1.257        2.112    1.383       0.289
52        0.000        0.000    1.130       1.227

 [*,Pruszkow,Kapusta,*] (tr)
:  Krzesak UAktora UCHLOPAKOW    :=
1    1.796   0.856    1.773
2    0.000   0.000    0.000
3    0.000   2.588    0.546
4    1.161   0.000    1.581
5    1.103   0.466    0.000
6    0.000   0.000    0.738
7    0.000   0.000    0.674
8    0.579   0.000    2.430
9    0.871   0.000    0.000
10   0.000   0.342    0.000
11   0.000   1.412    0.000
12   0.000   0.000    0.709
13   0.000   0.000    1.750
14   0.000   0.514    0.000
15   0.000   0.527    0.000
16   0.000   2.140    1.742
17   0.000   0.000    0.000
18   0.000   0.000    0.000
19   0.000   0.000    1.281
20   0.000   0.000    0.000
21   0.000   0.781    1.073
22   0.000   0.685    0.000
23   0.000   0.000    1.309
24   0.000   1.041    0.000
25   0.000   0.000    2.446
26   0.000   1.300    0.000
27   0.000   0.000    0.000
28   0.000   0.941    1.821
29   0.000   0.000    0.000
30   0.000   0.520    1.932
31   1.264   1.915    0.000
32   0.000   0.000    0.646
33   0.000   0.000    1.135
34   0.000   0.804    1.554
35   0.000   0.430    0.000
36   0.000   0.341    3.050
37   0.000   0.318    0.000
38   0.000   1.916    0.000
39   0.000   0.000    0.888
40   3.069   1.164    1.899
41   0.000   0.000    0.000
42   0.438   0.000    1.167
43   0.000   0.383    1.676
44   0.000   1.722    0.000
45   0.000   0.000    0.804
46   1.195   0.000    0.734
47   1.351   2.148    1.816
48   0.000   0.000    0.000
49   0.000   0.000    1.094
50   0.000   0.000    0.647
51   0.000   0.579    0.911
52   0.000   0.785    0.730

 [*,Pruszkow,Marchew,*] (tr)
:  ArabicGroceryShop UAktora UCHLOPAKOW UPanaWojtka    :=
1         1.563        0.607    1.160       0.000
2         0.688        2.099    2.235       0.000
3         3.187        0.000    0.000       0.000
4         0.000        0.000    2.067       0.289
5         0.000        2.239    0.000       0.000
6         2.108        0.000    2.122       0.000
7         0.000        0.000    0.000       0.000
8         0.821        0.000    2.092       2.673
9         2.673        1.950    0.000       0.000
10        0.293        0.000    1.458       0.000
11        0.000        0.000    0.000       0.000
12        2.245        2.108    2.058       0.000
13        0.000        0.000    0.000       0.000
14        2.370        0.000    0.700       0.000
15        0.000        1.824    4.904       0.000
16        2.397        0.000    0.000       0.000
17        0.000        0.000    0.000       0.000
18        1.391        0.924    0.387       0.000
19        0.000        1.155    0.000       0.284
20        0.000        0.000    0.000       0.000
21        0.000        3.724    2.682       0.000
22        1.075        0.000    0.000       0.000
23        3.437        0.000    0.120       0.000
24        0.295        0.000    1.671       0.000
25        0.000        0.230    0.000       0.000
26        1.334        0.629    3.292       0.000
27        0.000        1.594    0.000       0.000
28        0.000        0.000    2.151       0.000
29        1.421        2.334    0.000       0.000
30        1.343        0.000    2.823       0.000
31        0.000        1.156    0.000       0.000
32        0.000        0.000    5.031       0.000
33        0.000        2.631    0.000       0.881
34        1.045        0.000    0.000       0.000
35        0.000        0.000    1.426       0.000
36        2.843        3.947    0.000       0.000
37        0.000        0.000    2.783       0.000
38        2.383        0.000    0.000       0.000
39        0.460        0.000    2.863       0.000
40        2.206        0.000    0.000       3.102
41        0.000        0.000    1.085       0.000
42        0.362        3.066    2.769       0.958
43        0.000        1.297    0.000       0.000
44        2.365        0.000    2.325       1.048
45        0.000        0.000    0.000       0.000
46        0.864        0.000    5.112       0.000
47        1.421        0.719    0.000       2.816
48        1.366        2.368    0.000       0.000
49        1.426        0.000    0.169       0.000
50        2.749        0.000    2.162       0.000
51        0.000        1.915    0.000       1.182
52        0.000        0.000    1.067       1.407

 [*,Pruszkow,Ziemniaki,*] (tr)
:  UAktora UCHLOPAKOW    :=
1    0.794    4.831
2    2.536    0.000
3    0.000    0.000
4    1.077    1.421
5    0.000    1.597
6    2.517    1.529
7    0.000    3.688
8    0.000    0.000
9    2.647    0.000
10   0.000    2.191
11   0.000    0.508
12   1.055    3.928
13   2.964    0.000
14   0.000    1.073
15   0.026    0.000
16   1.521    2.097
17   0.000    1.632
18   3.882    0.000
19   0.000    2.629
20   0.000    0.000
21   1.235    3.853
22   0.000    0.000
23   1.989    0.000
24   0.000    2.229
25   5.033    0.000
26   0.000    2.043
27   1.024    3.781
28   0.000    0.000
29   0.000    3.498
30   2.923    0.680
31   0.000    3.044
32   0.446    0.000
33   1.080    2.010
34   3.338    2.210
35   0.000    3.521
36   0.000    0.000
37   1.681    2.114
38   0.000    3.575
39   2.871    0.000
40   0.000    2.270
41   0.327    4.854
42   1.976    0.000
43   2.305    2.638
44   0.000    0.000
45   0.340    3.119
46   2.919    0.000
47   0.000    1.430
48   1.723    2.254
49   0.000    3.240
50   1.181    3.338
51   1.253    0.000
52   1.643    0.161

 [*,Zielonka,Buraki,*] (tr)
:  Stoisko UKarolci UPanaWojtka VegitoWarzywa    :=
1    1.173   6.078      0.000        2.646
2    2.645   0.000      0.000        0.000
3    0.503   0.000      0.000        3.497
4    0.000   1.686      0.000        0.000
5    0.928   3.851      0.000        0.000
6    1.083   0.000      0.000        1.341
7    2.776   3.028      1.670        2.795
8    0.000   0.000      0.257        0.000
9    0.000   1.585      0.000        3.452
10   0.942   3.169      0.000        0.904
11   1.398   0.000      0.000        0.000
12   0.000   7.788      0.000        0.000
13   0.722   0.000      0.000        3.657
14   1.765   0.000      2.468        0.000
15   0.000   0.000      0.000        0.000
16   0.898   0.000      0.000        2.417
17   1.799   1.104      0.000        0.000
18   0.000   4.410      0.624        1.013
19   1.994   0.757      0.000        1.286
20   0.000   0.237      0.000        1.069
21   2.339   1.514      1.724        5.379
22   0.943   6.206      0.000        0.000
23   0.695   0.000      0.831        0.000
24   0.000   0.000      0.000        0.000
25   1.074   0.658      0.000        1.463
26   2.483   5.896      1.280        2.501
27   0.000   0.000      0.000        1.753
28   0.737   0.000      0.000        0.000
29   2.057   1.395      0.000        2.435
30   0.000   3.435      0.000        0.000
31   1.073   0.550      0.000        2.842
32   0.936   3.587      0.000        2.878
33   1.086   0.000      2.294        0.181
34   1.291   4.293      0.000        0.000
35   1.929   0.000      0.000        1.244
36   0.000   2.147      0.000        1.560
37   2.147   1.813      0.000        1.533
38   0.000   2.177      0.000        1.469
39   2.147   2.719      0.000        1.539
40   0.000   5.678      0.649        1.533
41   1.368   0.000      0.000        1.533
42   0.779   0.000      0.000        3.067
43   1.073   2.147      0.000        0.000
44   2.515   6.325      0.000        1.533
45   0.000   0.000      0.000        3.067
46   0.705   3.095      2.638        0.000
47   1.000   0.298      0.000        2.964
48   2.153   0.000      0.000        0.000
49   0.000   2.190      0.000        2.843
50   1.073   5.607      2.172        0.000
51   2.147   0.000      0.000        1.553
52   0.000   0.000      0.000        1.286

 [*,Zielonka,Kapusta,*] (tr)
:  ArabicGroceryShop Stoisko UKarolci UPanaWojtka VegitoWarzywa    :=
1         1.070        0.760   1.558      0.841        1.687
2         2.003        0.870   4.167      0.747        0.000
3         0.000        1.430   0.000      1.317        2.621
4         2.393        0.000   0.000      0.000        0.000
5         0.000        0.602   0.442      1.171        0.000
6         0.000        1.959   1.286      0.000        0.473
7         2.043        0.000   1.947      2.438        0.834
8         0.000        0.000   0.000      0.000        0.861
9         0.000        1.552   3.076      0.000        0.806
10        0.463        0.000   0.875      0.000        1.271
11        1.880        0.000   0.000      1.865        0.000
12        0.546        1.582   0.000      0.000        2.239
13        0.000        0.000   0.982      0.000        0.000
14        1.579        0.603   0.918      0.625        0.000
15        0.000        0.000   2.021      1.936        1.507
16        0.900        1.774   0.000      0.000        0.000
17        0.771        0.000   1.340      0.000        2.332
18        0.981        0.000   0.928      0.440        0.000
19        1.598        0.611   3.028      1.158        0.000
20        0.000        2.478   0.000      0.000        1.387
21        2.444        0.000   0.000      0.371        0.000
22        0.000        0.000   2.058      2.871        0.907
23        0.000        0.000   0.000      0.000        1.887
24        0.789        0.687   0.979      0.000        0.000
25        0.806        2.052   3.505      0.000        0.930
26        0.905        0.000   0.000      2.383        0.861
27        0.776        0.409   0.000      0.000        2.124
28        2.084        1.313   2.437      0.000        0.000
29        0.000        0.723   0.000      1.976        1.531
30        1.826        0.199   2.619      0.000        0.000
31        0.000        2.261   0.000      1.074        2.019
32        0.823        0.070   0.903      1.557        0.000
33        1.119        0.000   3.603      0.000        0.998
34        0.926        1.733   0.000      1.106        3.086
35        2.154        0.000   0.647      1.064        0.000
36        0.000        0.904   2.604      0.495        0.000
37        2.787        0.818   0.000      0.619        1.345
38        0.000        0.944   4.297      2.127        0.888
39        0.470        1.648   0.000      0.000        2.211
40        0.996        0.000   0.000      0.990        0.000
41        0.822        0.933   4.168      0.849        1.227
42        0.951        0.770   1.604      0.945        2.202
43        2.790        0.872   0.000      2.755        0.000
44        0.000        0.920   0.000      0.000        1.183
45        0.340        0.935   2.912      0.308        2.014
46        1.009        0.933   0.000      0.000        0.000
47        1.102        1.199   1.080      0.779        0.882
48        0.891        0.265   2.589      1.754        2.527
49        2.009        1.862   0.000      0.000        0.000
50        0.000        0.000   1.392      2.585        0.348
51        1.111        0.831   2.264      0.000        1.819
52        1.093        0.943   0.000      0.000        0.000

 [*,Zielonka,Marchew,*] (tr)
:  Stoisko UKarolci UPanaWojtka VegitoWarzywa    :=
1    1.104   2.198      2.986        1.203
2    1.234   2.367      0.000        1.257
3    1.170   6.232      0.873        1.394
4    2.794   0.000      0.000        1.084
5    0.000   0.000      2.638        3.336
6    0.000   0.000      0.000        0.000
7    1.042   1.325      0.000        0.000
8    0.819   6.409      0.000        1.360
9    0.793   1.715      0.000        2.106
10   0.926   0.000      0.000        0.000
11   2.030   0.551      3.305        0.918
12   0.000   0.000      0.000        3.210
13   0.000   0.000      0.000        0.000
14   0.585   4.348      1.210        0.000
15   1.061   0.000      0.000        1.236
16   1.811   0.000      4.011        1.004
17   0.000   3.288      0.000        1.221
18   0.763   0.000      0.000        4.776
19   1.788   2.979      0.000        0.000
20   0.052   0.000      0.000        0.000
21   1.023   1.516      1.541        0.000
22   1.761   3.039      0.000        0.732
23   0.000   0.000      1.795        1.130
24   2.826   1.337      0.000        4.641
25   0.000   1.871      2.118        0.657
26   0.435   1.806      0.000        0.000
27   2.409   1.337      1.330        0.000
28   0.000   1.707      2.599        2.840
29   1.985   1.913      0.000        0.000
30   0.000   1.984      1.388        4.108
31   1.225   1.793      0.000        0.000
32   0.880   1.275      0.000        0.000
33   3.015   2.038      0.000        1.448
34   0.000   2.093      1.423        2.928
35   0.606   5.711      2.168        0.000
36   1.213   0.000      0.000        1.432
37   1.777   0.000      0.954        3.667
38   0.650   3.447      1.963        0.000
39   1.220   0.803      0.000        0.869
40   1.024   2.043      0.000        3.580
41   2.272   1.991      0.000        0.000
42   0.000   3.468      0.000        1.793
43   2.441   2.926      1.393        1.196
44   0.000   0.000      0.000        3.046
45   1.213   2.457      1.039        0.000
46   1.213   1.774      1.744        1.494
47   3.037   3.278      0.000        2.329
48   0.000   0.000      0.000        0.559
49   0.289   2.163      0.000        3.076
50   1.213   3.308      1.153        0.000
51   1.699   1.889      0.000        1.038
52   0.726   0.000      0.000        1.197

 [*,Zielonka,Ziemniaki,*] (tr)
:  ArabicGroceryShop Stoisko UKarolci UPanaWojtka VegitoWarzywa    :=
1         4.184        1.581   3.084      1.670        1.800
2         0.000        1.831   2.886      1.553        3.697
3         2.087        1.607   2.177      1.245        0.000
4         1.494        2.092   2.126      1.494        2.761
5         3.358        2.449   4.841      1.943        0.000
6         0.047        0.669   2.047      0.449        5.003
7         1.580        0.309   0.000      2.550        1.401
8         4.774        3.471   4.318      0.000        0.000
9         0.000        1.200   0.000      3.878        2.018
10        0.000        0.000   2.142      0.000        0.000
11        2.253        0.959   3.958      0.000        4.330
12        0.000        0.000   0.000      0.970        0.000
13        4.084        4.259   4.702      3.337        0.000
14        0.000        0.000   0.000      0.000        1.374
15        0.738        0.000   1.481      0.682        1.755
16        1.989        1.110   9.386      1.003        5.388
17        4.438        0.000   0.000      1.624        0.000
18        0.529        3.709   0.000      0.921        0.000
19        0.000        0.000   1.453      3.061        0.817
20        1.680        0.391   0.000      2.868        1.398
21        3.372        1.432   4.109      0.000        1.892
22        0.431        1.417   0.000      0.000        1.374
23        1.030        1.105   2.170      0.000        3.648
24        1.616        1.437   7.987      3.351        0.141
25        4.496        1.630   0.000      0.999        1.837
26        0.000        1.674   0.000      0.000        3.615
27        0.491        1.837   6.175      1.983        0.000
28        2.296        2.929   0.000      1.823        3.843
29        3.920        0.000   5.533      1.978        0.108
30        0.023        3.622   0.000      3.831        1.652
31        2.919        0.000   0.181      0.397        1.753
32        2.918        1.117   7.481      3.243        2.299
33        0.000        1.688   0.000      2.188        3.904
34        4.041        1.680   0.219      0.000        0.000
35        0.000        1.851   3.915      2.955        4.511
36        2.253        3.309   1.856      1.644        2.143
37        2.133        0.216   2.301      0.000        0.359
38        2.251        3.282   3.367      2.270        4.976
39        3.827        0.119   5.844      3.785        0.000
40        0.297        1.953   0.000      0.450        1.215
41        1.814        1.913   2.272      1.881        4.600
42        2.040        3.585   3.137      3.973        0.000
43        2.168        0.000   2.811      0.000        4.917
44        2.250        1.526   3.086      1.345        0.035
45        2.123        2.905   3.576      4.021        2.028
46        3.932        0.928   4.923      0.000        5.333
47        0.436        1.251   0.000      0.425        0.000
48        4.084        1.608   7.430      2.112        0.785
49        0.116        1.946   0.000      3.062        2.009
50        2.695        3.287   0.756      0.000        5.578
51        1.381        0.344   4.226      1.789        0.000
52        2.241        1.922   0.258      2.046        0.000
;

