sum{m in MAGAZYNY, w in WARZYWA} transport_do_sklepow_tyg[s,m,w,t]*koszt_transportu*dystans_sklep_magazyn[s,m] [*,*]
:  ArabicGroceryShop DobryWarzywniak   Krzesak    Stoisko   UAktora UCHLOPAKOW   UKarolci  UKermita UPanaWojtka VegitoWarzywa    :=
1        780.031          479.500       815.943   468.819   472.270   729.000    1188.464   185.471    812.245      605.265
2        436.244          301.580      1124.392   667.880   426.437   358.143     866.648   280.248    234.628      408.723
3        604.528          241.640       164.775   478.145   238.138    44.214     773.656   178.694    551.724      619.738
4        557.523          254.550       393.472   495.925    99.088   664.610     350.681   169.102    181.440      317.159
5        431.083          287.087      1155.550   403.795   415.819   129.339     840.421   196.947    770.351      275.180
6        488.515          247.950       608.946   376.662   231.577   393.539     306.591   169.202     45.818      562.437
7        355.009          366.865         0.000   418.903   170.222   580.215     579.666   227.729    679.041      414.941
8        541.746          244.790       400.818   435.382     0.000   366.333     986.929   110.970    294.851      183.204
9        327.408          249.615       970.552   359.843   422.953     0.000     586.656   151.360    469.290      691.545
10       141.954          219.969       651.560   189.540    31.471   558.831     569.039   244.588    215.520      179.434
11       520.401          128.475       518.549   445.283   492.341    41.117     414.847   223.506    527.293      432.910
12       365.006           54.227       217.963   160.535   290.944   542.317     716.515   167.894    383.429      449.496
13       557.335          462.561        72.506   505.559   272.708   412.452     522.867   199.480    340.335      301.730
14       431.581          247.221      1000.558   299.711   151.831   143.585     484.471   182.001    438.960      113.329
15       390.653           61.660         0.000   107.649   218.678   397.245     322.144   200.571    266.986      371.102
16       498.749          428.849       921.646   567.661   336.766   310.955     863.549   174.147    511.434      726.735
17       510.433           77.958       517.946   182.564     0.000   222.073     527.356   184.644    241.704      293.181
18       442.713          146.437       109.630   453.904   532.193   114.500     491.058     0.000    202.405      477.607
19       504.594          420.353       446.502   445.882   160.310   481.105     755.960   259.744    639.972      173.506
20       261.707          251.196       828.967   296.451    58.117     0.000      21.846   225.433    292.533      317.963
21       657.627           26.582       510.832   486.600   581.714   694.837     656.857    59.958    370.829      599.894
22       354.876          401.924       282.279   418.319   216.028    59.039    1039.910    88.018    292.872      248.636
23       410.236          218.635       582.957   182.708   182.960   477.545     199.638   190.030    267.862      549.942
24       485.535          301.293       355.003   502.369   244.755   315.848     947.905    84.463    515.090      394.516
25       519.632           68.585      1079.547   482.713   484.204   198.098     555.162   213.899    317.851      403.198
26       437.830          385.854         0.000   466.065   265.070   432.143     708.525   132.705    373.640      575.559
27       221.586          229.625       427.512   472.429   335.308   418.001     691.130   155.062    461.157      319.852
28       721.653          193.755      1002.512   505.360   220.194   433.519     381.257   238.746    670.687      551.301
29       567.950          341.988       727.570   483.604   214.690   506.558     813.310   125.335    429.784      336.110
30       524.683          285.471       658.371   387.883   465.065   440.237     739.479   279.826    655.630      475.273
31       507.613          301.402       116.937   462.733   282.482   472.477     232.246   166.389    545.980      545.626
32       523.349          380.404      1246.479   304.837   289.235   459.860    1218.585   173.774    611.049      427.059
33       446.421          351.631       664.077   587.610   390.204   339.305     519.010   275.822    545.814      538.826
34       580.822          254.240       644.450   477.473   381.131   416.683     607.666   227.217    257.983      496.206
35       510.460          366.311       868.639   445.254   109.630   482.222     945.063   184.217    752.481      474.753
36       529.758          340.113       574.235   550.794   440.407   379.447     607.823   268.701    526.574      423.636
37       593.435          320.981       524.029   503.171   348.372   490.555     378.538   163.339    160.391      569.531
38       548.259          351.629      1128.273   494.876   179.270   400.238    1222.445   267.455    648.678      604.996
39       573.683          339.761       898.619   521.030   264.086   534.987     861.658   247.864    593.993      381.015
40       547.762          304.602       789.045   302.236   209.000   337.662     710.360   122.997    581.971      522.093
41       520.493          232.118       753.137   658.397   216.196   576.415     775.635   239.310    524.983      607.217
42       438.888          446.774       621.815   521.030   463.889   431.359     755.196   191.341    597.818      582.511
43       597.093          351.630       586.357   445.223   483.726   529.260     725.323   202.308    546.394      504.342
44       546.476          351.632       534.130   503.551   158.400   405.635     865.814   152.190    465.165      478.273
45       555.577          351.624       808.141   512.847   326.725   317.773     822.999   247.863    547.478      586.444
46       561.935          174.658       506.370   383.562   268.530   473.550     900.865   142.078    447.025      563.181
47       389.920          382.237       662.990   658.406   263.696   360.197     428.295   286.334    405.814      509.351
48       723.682          318.500       719.942   408.702   434.014   295.895     921.716    48.902    483.643      319.373
49       449.773          254.401       686.829   415.830    45.632   566.404     400.447   226.879    426.133      654.075
50       624.649          444.337       552.149   565.758   190.964   497.879    1017.764   182.472    602.932      488.904
51       357.384          308.032        98.848   509.489   538.949   185.779     770.794   258.873    330.336      363.913
52       563.859          155.090       540.957   364.502   223.363   250.108      23.740   147.362    473.427      204.819
;

