sum{m in MAGAZYNY, w in WARZYWA} transport_do_sklepow_tyg[s,m,w,t] [*,*]
:  ArabicGroceryShop DobryWarzywniak  Krzesak Stoisko UAktora UCHLOPAKOW UKarolci UKermita UPanaWojtka VegitoWarzywa    :=
1         8.200            7.000        8.976   4.619   5.133    9.000     12.918   2.853      8.000        7.337
2         4.681            4.403       12.424   6.580   4.635    4.422      9.420   4.312      2.300        4.954
3         6.531            3.528        1.821   4.711   2.588    0.546      8.409   2.749      5.469        7.512
4         5.849            3.716        4.322   4.886   1.077    8.205      3.812   2.602      1.783        3.844
5         4.502            4.191       12.744   3.978   4.520    1.597      9.135   3.030      7.579        3.336
6         5.424            3.620        6.729   3.711   2.517    4.859      3.333   2.603      0.449        6.817
7         3.623            5.356        0.000   4.127   1.850    7.163      6.301   3.504      6.657        5.030
8         5.595            3.574        4.416   4.289   0.000    4.523     10.727   1.707      2.930        2.221
9         3.654            3.644       10.705   3.545   4.597    0.000      6.377   2.329      4.623        8.382
10        1.536            3.211        7.200   1.867   0.342    6.899      6.185   3.763      2.144        2.175
11        5.437            1.876        5.730   4.387   5.352    0.508      4.509   3.439      5.170        5.247
12        4.028            0.792        2.408   1.582   3.162    6.695      7.788   2.583      3.801        5.448
13        5.859            6.753        0.801   4.981   2.964    5.092      5.683   3.069      3.337        3.657
14        4.667            3.609       11.056   2.953   1.650    1.773      5.266   2.800      4.304        1.374
15        4.275            0.900        0.000   1.061   2.377    4.904      3.502   3.086      2.618        4.498
16        5.285            6.261       10.184   5.593   3.661    3.839      9.386   2.679      5.014        8.809
17        5.209            1.138        5.723   1.799   0.000    2.742      5.732   2.841      2.381        3.554
18        4.785            2.138        1.211   4.472   5.785    1.414      5.338   0.000      1.984        5.789
19        5.518            6.137        4.934   4.393   1.742    5.940      8.217   3.996      6.305        2.103
20        2.758            3.667        9.160   2.921   0.632    0.000      0.237   3.468      2.868        3.854
21        6.790            0.388        5.645   4.794   6.323    8.578      7.140   0.922      3.636        7.271
22        3.905            5.868        3.119   4.121   2.348    0.729     11.303   1.354      2.871        3.014
23        4.467            3.192        6.442   1.800   1.989    5.896      2.170   2.924      2.626        6.666
24        5.181            4.398        3.923   4.949   2.660    3.899     10.303   1.299      5.101        4.782
25        5.302            1.001       11.929   4.756   5.263    2.446      6.034   3.291      3.116        4.887
26        4.827            5.633        0.000   4.592   2.881    5.335      7.701   2.042      3.663        6.976
27        2.368            3.352        4.724   4.654   3.645    5.161      7.512   2.386      4.539        3.877
28        7.653            2.829       11.077   4.979   2.393    5.352      4.144   3.673      6.608        6.682
29        5.962            4.993        8.039   4.765   2.334    6.254      8.840   1.928      4.221        4.074
30        5.707            4.167        7.275   3.822   5.055    5.435      8.038   4.305      6.446        5.761
31        5.422            4.400        1.264   4.559   3.070    5.833      2.524   2.560      5.470        6.614
32        5.482            5.553       13.773   3.003   3.144    5.677     13.245   2.673      6.027        5.176
33        4.924            5.133        7.338   5.789   4.241    4.189      5.641   4.243      5.364        6.531
34        6.012            3.712        7.121   4.704   4.143    5.144      6.605   3.496      2.529        6.015
35        5.504            5.348        9.598   4.387   1.192    5.953     10.272   2.834      7.413        5.755
36        5.686            4.965        6.345   5.427   4.787    4.685      6.607   4.134      5.208        5.135
37        6.177            4.686        5.790   4.957   3.787    6.056      4.115   2.513      1.572        6.903
38        5.892            5.133       12.467   4.876   1.949    4.941     13.287   4.115      6.360        7.333
39        6.013            4.960        9.929   5.133   2.871    6.605      9.366   3.813      5.867        4.618
40        6.013            4.447        8.651   2.978   2.272    4.169      7.721   1.892      5.768        6.328
41        5.598            3.389        8.322   6.487   2.350    7.116      8.431   3.682      5.183        7.360
42        4.611            6.522        6.861   5.133   5.042    5.325      8.209   2.944      5.875        7.061
43        6.215            5.133        6.479   4.386   5.258    6.534      7.884   3.112      5.375        6.113
44        5.872            5.133        5.902   4.961   1.722    5.008      9.411   2.341      4.608        5.797
45        6.013            5.133        8.930   5.053   3.551    3.923      8.946   3.813      5.367        7.108
46        5.805            2.550        5.569   3.779   2.919    5.846      9.792   2.186      4.383        6.826
47        4.217            5.580        7.296   6.487   2.866    4.447      4.655   4.405      4.020        6.174
48        7.599            4.650        7.955   4.027   4.718    3.653     10.019   0.752      4.755        3.871
49        4.809            3.714        7.589   4.097   0.496    6.993      4.353   3.490      4.194        7.928
50        6.701            6.487        6.101   5.574   2.076    6.147     11.063   2.807      5.911        5.926
51        3.749            4.497        1.092   5.020   5.858    2.294      8.378   3.983      3.260        4.411
52        6.013            2.264        5.977   3.591   2.428    3.088      0.258   2.267      4.680        2.483
;

