transport_do_sklepow_tyg [*,Piaseczno,Buraki,*] (tr)
:  ArabicGroceryShop DobryWarzywniak Krzesak UKermita UPanaWojtka    :=
1         0.000            0.540       1.623   0.629      0.000
2         0.000            2.008       4.342   0.553      0.000
3         0.000            0.000       0.000   0.590      1.356
4         0.508            0.000       0.000   2.243      0.000
5         0.000            0.895       4.005   0.000      0.000
6         0.000            0.844       0.000   0.000      0.000
7         0.000            1.144       0.000   0.684      0.000
8         0.882            0.000       0.000   0.000      0.000
9         0.000            2.059       4.452   0.000      1.826
10        0.000            0.000       0.000   1.204      0.000
11        0.711            0.000       0.000   0.000      0.365
12        0.648            0.000       0.000   0.000      0.000
13        3.207            2.908       0.000   0.207      0.000
14        0.000            0.000       3.084   0.529      0.000
15        0.000            0.000       0.000   1.945      1.139
16        0.000            0.000       0.000   0.193      0.000
17        0.000            0.000       2.844   0.000      0.000
18        2.355            0.000       0.000   0.000      0.591
19        0.000            2.682       0.000   0.277      0.000
20        0.000            0.000       1.453   0.970      0.000
21        0.000            0.000       2.539   0.000      1.695
22        0.000            0.000       0.000   0.000      0.000
23        0.000            0.000       2.347   1.151      0.000
24        0.000            0.730       0.000   0.000      1.543
25        0.000            0.000       4.698   1.525      0.000
26        3.617            2.610       0.000   0.000      0.000
27        0.000            0.000       0.000   0.000      0.000
28        0.000            0.000       4.652   2.245      0.000
29        0.000            0.000       0.000   0.000      0.974
30        1.857            1.105       0.564   0.273      0.000
31        0.000            0.000       0.000   0.034      1.012
32        0.000            1.400       1.334   0.277      1.250
33        2.985            0.000       2.697   0.819      0.000
34        0.000            1.845       0.000   1.232      0.597
35        0.000            0.000       4.989   0.000      0.925
36        1.037            3.003       0.000   1.021      0.000
37        2.489            0.000       0.000   0.981      0.000
38        0.000            0.000       1.358   0.000      0.818
39        1.158            1.424       1.734   2.265      0.000
40        2.762            0.000       2.998   0.000      0.932
41        0.000            0.000       0.000   0.000      0.000
42        0.000            0.703       1.331   0.153      0.000
43        2.145            2.099       1.430   1.410      0.000
44        0.000            0.932       6.549   0.000      0.000
45        2.388            0.000       0.000   1.576      0.000
46        0.000            1.410       2.680   0.000      2.012
47        0.549            0.000       0.000   1.039      0.000
48        0.000            1.624       0.000   0.000      0.989
49        0.000            0.000       0.000   1.688      0.911
50        2.052            2.026       1.378   0.000      1.344
51        0.000            0.000       0.000   0.000      0.729
52        0.574            0.000       1.368   0.545      0.000

 [*,Piaseczno,Kapusta,*] (tr)
:  DobryWarzywniak    :=
1        0.743
2        0.000
3        2.904
4        0.000
5        0.000
6        0.600
7        0.000
8        0.000
9        0.000
10       0.000
11       0.529
12       0.000
13       0.705
14       0.000
15       0.904
16       0.000
17       0.000
18       0.527
19       0.000
20       1.760
21       0.000
22       0.217
23       0.000
24       0.000
25       0.000
26       0.698
27       0.000
28       1.303
29       0.000
30       0.000
31       1.889
32       0.000
33       0.690
34       0.000
35       0.000
36       0.534
37       1.442
38       0.000
39       0.000
40       1.072
41       0.000
42       0.270
43       0.597
44       1.857
45       0.000
46       0.000
47       1.506
48       0.000
49       0.000
50       1.279
51       0.000
52       0.000

 [*,Piaseczno,Marchew,*] (tr)
:  DobryWarzywniak Krzesak UKermita    :=
1        1.722       0.000   0.608
2        0.000       0.000   0.504
3        0.000       0.000   0.944
4        2.275       0.000   0.000
5        0.000       0.000   0.444
6        0.000       3.592   1.210
7        1.621       0.000   0.000
8        0.000       0.000   0.000
9        0.000       0.000   0.619
10       1.272       0.000   0.531
11       0.000       0.000   1.819
12       0.000       2.053   0.000
13       1.623       0.000   0.182
14       0.000       3.889   0.000
15       0.000       0.000   0.000
16       0.811       0.000   0.227
17       0.000       0.000   1.302
18       0.367       0.000   0.000
19       2.113       0.823   0.000
20       0.000       2.425   1.476
21       0.000       0.000   0.000
22       0.000       0.000   0.000
23       2.055       0.000   1.679
24       0.000       1.253   0.000
25       0.000       0.000   0.000
26       0.000       0.000   0.000
27       0.000       0.000   1.077
28       0.716       1.188   0.000
29       2.777       0.000   0.796
30       0.000       0.000   0.000
31       0.000       0.000   2.087
32       1.007       0.000   0.000
33       0.000       0.000   0.542
34       0.000       0.000   0.000
35       2.656       0.000   0.413
36       0.000       2.593   0.413
37       0.000       0.000   0.676
38       1.379       1.296   0.926
39       0.000       5.340   0.796
40       1.266       0.000   0.764
41       0.000       2.857   0.563
42       2.430       0.000   0.252
43       0.000       0.000   0.605
44       0.000       0.000   1.609
45       1.708       0.000   0.037
46       0.000       0.000   0.736
47       2.661       0.000   0.477
48       0.000       2.563   0.452
49       0.000       0.000   1.119
50       0.038       0.000   0.000
51       1.443       0.000   0.522
52       0.000       1.261   0.517

 [*,Piaseczno,Ziemniaki,*] (tr)
:  DobryWarzywniak  Krzesak UKermita    :=
1        3.316        0.000   0.806
2        0.000        5.713   2.874
3        0.000        0.000   0.000
4        0.000        0.000   0.000
5        2.099        6.166   1.614
6        0.000        0.000   0.000
7        2.410        0.000   0.000
8        1.697        0.000   0.000
9        0.000        0.000   1.675
10       0.000        7.627   0.000
11       0.000        0.000   1.925
12       0.000        0.000   1.276
13       1.564        0.000   0.000
14       0.713        0.000   0.000
15       0.000        0.000   0.000
16       1.144       10.672   0.000
17       0.000        0.000   1.529
18       0.485        0.000   0.000
19       1.754        0.000   2.164
20       0.000        0.000   0.000
21       0.000        0.275   0.000
22       1.868        0.000   0.000
23       0.000        0.000   0.000
24       3.569        0.000   1.126
25       0.000        7.005   1.937
26       0.000        0.000   0.000
27       2.262        0.000   0.113
28       0.000        0.000   1.505
29       0.000        8.528   0.000
30       0.000        0.000   2.261
31       0.000        0.000   0.000
32       1.808        0.000   0.000
33       0.000        0.000   2.120
34       1.055        1.608   0.748
35       2.098        4.334   0.153
36       0.738        0.000   1.563
37       2.306        2.271   0.000
38       0.000        6.347   1.911
39       3.830        0.000   0.752
40       0.000        0.000   1.078
41       0.000        0.000   1.166
42       1.923        5.783   1.104
43       0.000        0.000   0.000
44       0.403        0.000   0.701
45       2.630        5.210   1.372
46       0.000        0.000   0.949
47       0.866        0.000   1.952
48       2.162        0.000   0.092
49       0.000        2.514   0.000
50       0.650        0.000   0.924
51       2.001        0.000   1.403
52       0.000        1.806   0.000

 [*,Pruszkow,Buraki,*] (tr)
:  ArabicGroceryShop Stoisko UAktora UCHLOPAKOW UPanaWojtka    :=
1         1.410        0.906   3.089    1.018       1.819
2         0.000        0.000   0.000    2.745       0.000
3         2.005        0.000   0.000    0.000       0.000
4         0.000        0.000   0.000    0.936       0.000
5         0.000        0.000   1.970    0.000       3.811
6         0.999        0.000   0.000    0.000       0.000
7         0.000        0.000   1.582    2.109       0.000
8         0.000        0.000   0.000    0.000       0.000
9         0.000        0.000   0.000    0.000       0.000
10        0.827        0.000   0.000    1.607       0.000
11        0.000        0.000   4.176    0.000       0.000
12        0.000        0.000   0.000    0.000       3.725
13        0.000        0.000   0.000    3.415       0.000
14        0.000        0.000   0.515    0.000       0.000
15        0.000        0.000   0.000    0.000       0.000
16        0.000        0.000   0.000    0.000       0.000
17        0.000        0.000   0.000    1.121       0.000
18        0.000        0.000   0.812    0.000       0.000
19        0.000        0.000   0.595    1.431       3.000
20        0.000        0.000   0.777    0.000       0.000
21        0.000        0.000   0.587    2.946       0.000
22        2.682        0.000   1.642    0.000       0.000
23        0.000        0.000   0.000    1.233       0.000
24        0.421        1.003   1.073    0.000       0.000
25        0.000        0.000   0.000    0.000       0.000
26        0.000        0.000   0.694    0.000       0.972
27        0.000        0.000   2.029    0.691       1.109
28        0.000        0.000   0.000    0.767       1.213
29        0.000        0.000   0.000    1.891       0.000
30        0.000        0.000   0.909    0.000       0.790
31        0.000        0.000   0.000    2.195       0.000
32        0.831        0.000   3.852    0.000       0.000
33        0.000        0.000   0.000    0.652       1.705
34        0.000        0.294   0.000    0.404       0.000
35        0.000        0.000   0.000    0.896       0.000
36        0.000        0.000   0.157    2.897       2.445
37        0.000        0.000   1.033    0.000       0.000
38        0.000        0.000   1.509    0.000       0.000
39        0.000        0.000   0.000    3.453       1.264
40        0.000        0.000   1.223    0.000       0.000
41        0.000        0.000   2.414    0.000       2.193
42        0.000        0.000   0.000    0.000       0.000
43        0.000        0.000   0.235    3.644       1.181
44        0.000        0.000   0.785    0.307       1.757
45        0.000        0.000   2.479    0.000       0.000
46        0.000        0.000   0.000    0.000       0.000
47        0.000        0.000   0.000    0.405       0.000
48        2.106        0.000   0.000    1.213       0.000
49        0.000        0.000   1.177    2.054       0.000
50        0.000        0.000   0.875    0.000       0.000
51        0.000        0.000   1.093    0.346       0.000
52        0.000        0.000   0.000    0.963       0.912

 [*,Pruszkow,Kapusta,*] (tr)
:  Krzesak UCHLOPAKOW    :=
1    2.756    1.125
2    0.000    0.000
3    0.000    0.631
4    0.958    1.291
5    2.090    0.000
6    0.000    0.000
7    0.000    0.373
8    0.498    1.943
9    2.143    0.000
10   0.000    0.000
11   0.000    0.000
12   0.000    0.000
13   0.000    1.290
14   0.000    0.000
15   0.000    0.000
16   0.000    2.512
17   1.253    0.000
18   0.000    0.000
19   3.122    0.000
20   0.000    0.000
21   0.000    0.595
22   0.000    0.000
23   2.903    2.521
24   0.000    0.000
25   0.000    0.016
26   0.000    0.000
27   0.000    0.000
28   2.304    1.002
29   0.000    0.000
30   0.000    1.240
31   0.974    0.000
32   0.000    0.371
33   0.000    1.707
34   0.000    0.000
35   0.000    0.000
36   0.000    2.345
37   0.000    0.000
38   2.082    0.000
39   0.000    0.000
40   5.418    1.236
41   0.000    0.000
42   0.000    2.710
43   0.000    0.000
44   0.000    0.000
45   0.000    0.000
46   1.006    0.000
47   0.932    2.865
48   4.112    0.000
49   0.000    0.000
50   0.000    0.000
51   0.000    0.000
52   0.000    0.636

 [*,Pruszkow,Marchew,*] (tr)
:  ArabicGroceryShop Krzesak UAktora UCHLOPAKOW UPanaWojtka    :=
1         1.335        1.528   1.050    1.003       0.000
2         0.000        2.570   1.770    2.677       0.000
3         3.243        0.000   0.000    0.000       0.000
4         0.000        3.597   0.000    0.000       0.000
5         0.000        0.000   2.003    0.000       0.000
6         0.000        0.000   0.000    1.276       1.113
7         0.000        0.000   0.000    0.000       0.000
8         0.500        0.000   0.000    3.523       1.453
9         2.721        0.000   1.801    0.000       0.000
10        0.000        0.000   0.000    0.677       0.000
11        0.000        0.000   0.000    0.000       0.000
12        0.000        0.000   1.826    0.000       0.000
13        0.000        0.000   0.000    0.000       0.492
14        1.019        0.000   0.000    0.000       0.000
15        0.000        0.000   1.990    3.884       0.000
16        2.186        0.000   0.000    0.000       0.000
17        0.000        0.000   0.000    0.000       0.000
18        2.472        0.784   1.792    0.000       0.000
19        0.000        0.000   0.211    0.000       1.248
20        0.000        0.000   0.000    0.000       0.000
21        0.000        0.000   3.017    1.481       0.000
22        0.000        2.228   0.735    0.000       0.000
23        2.070        0.000   0.000    0.000       0.000
24        0.000        0.000   0.000    1.689       0.000
25        0.000        1.328   0.000    0.000       0.000
26        0.262        3.035   0.000    2.857       0.000
27        0.692        0.000   0.834    0.000       0.000
28        0.935        0.000   0.000    0.000       0.000
29        1.140        1.189   2.971    0.000       0.778
30        2.817        0.887   0.000    1.662       0.000
31        0.000        6.561   0.000    0.000       0.000
32        1.480        0.599   0.000    5.142       0.148
33        0.000        0.000   1.962    0.000       2.079
34        0.000        0.000   0.000    0.000       0.000
35        1.218        0.000   0.000    0.000       0.000
36        2.037        0.000   2.417    0.000       1.137
37        0.000        0.000   0.000    0.647       0.000
38        2.196        0.000   2.311    0.000       0.000
39        0.000        0.000   0.000    2.152       0.000
40        1.386        0.000   0.000    0.000       3.276
41        1.887        0.000   0.435    0.446       0.000
42        0.000        0.000   3.862    1.423       0.833
43        0.000        0.384   0.000    0.000       0.000
44        2.497        0.000   0.000    1.460       0.857
45        0.000        3.663   0.000    0.000       0.000
46        0.960        0.000   0.000    3.645       0.000
47        0.517        0.000   0.465    0.000       2.459
48        1.976        0.000   2.957    0.000       0.000
49        0.000        0.000   0.000    0.000       0.000
50        2.506        2.027   0.000    2.406       0.000
51        0.000        0.000   0.387    0.000       0.000
52        0.000        0.000   0.000    0.000       0.850

 [*,Pruszkow,Ziemniaki,*] (tr)
:  ArabicGroceryShop Krzesak UAktora UCHLOPAKOW    :=
1         0.000        2.152   1.457    4.122
2         0.000        0.000   2.904    0.000
3         2.108        0.000   0.000    0.000
4         0.000        0.000   0.439    0.000
5         2.736        0.000   0.000    1.057
6         0.000        0.000   2.091    1.001
7         0.000        0.000   0.000    2.618
8         0.000        0.000   0.000    0.000
9         0.000        0.000   2.599    0.000
10        0.000        0.000   0.000    1.604
11        0.000        0.000   0.000    0.000
12        1.118        0.000   0.971    3.137
13        0.000        0.000   2.410    0.000
14        0.000        0.000   0.000    0.000
15        0.000        0.000   0.000    0.000
16        0.000        0.000   2.017    1.450
17        0.000        0.000   0.000    2.220
18        0.000        0.000   4.055    0.000
19        0.000        2.499   0.000    1.379
20        0.000        0.000   0.000    0.000
21        0.000        0.000   0.966    3.603
22        0.000        0.000   0.000    0.000
23        0.000        0.000   1.679    0.000
24        0.000        0.000   0.000    0.785
25        0.000        0.000   3.857    0.000
26        0.000        0.905   0.000    0.992
27        0.000        0.147   1.174    1.969
28        0.000        0.000   0.000    0.000
29        1.803        0.000   0.000    5.397
30        0.000        0.000   2.750    0.000
31        0.000        0.000   0.000    0.000
32        0.000        0.000   0.000    0.000
33        0.000        0.000   0.333    0.000
34        4.669        0.000   2.999    1.163
35        0.000        0.000   0.000    2.609
36        0.000        0.000   0.000    0.000
37        0.000        0.000   2.953    0.824
38        0.000        0.000   0.000    4.148
39        0.000        0.000   4.320    0.000
40        0.000        0.000   0.000    0.000
41        0.000        1.713   0.000    4.305
42        0.811        0.000   0.000    0.000
43        0.000        0.000   1.326    0.000
44        0.000        0.000   1.064    0.000
45        0.000        0.000   2.665    3.572
46        0.000        0.000   2.074    0.000
47        0.000        0.000   0.000    0.000
48        0.583        4.113   0.000    1.557
49        0.000        0.000   0.000    4.353
50        0.000        0.000   1.136    0.000
51        0.000        0.000   0.534    0.000
52        1.093        0.000   0.915    0.000

 [*,Zielonka,Buraki,*] (tr)
:  Stoisko UKarolci VegitoWarzywa    :=
1    0.000   4.326       2.107
2    2.998   0.000       0.000
3    0.000   0.000       2.665
4    0.000   1.706       0.000
5    0.000   2.800       0.000
6    1.074   0.000       0.734
7    3.003   2.356       1.997
8    0.000   0.000       0.000
9    0.000   1.543       3.737
10   0.000   2.578       0.000
11   1.602   0.000       0.000
12   0.000   7.827       0.000
13   0.629   0.000       2.484
14   1.248   0.000       0.000
15   0.000   0.000       0.000
16   0.787   0.000       1.431
17   2.337   0.000       0.000
18   0.000   3.837       0.944
19   1.207   0.000       1.055
20   0.000   0.000       1.043
21   3.396   1.429       4.240
22   0.000   5.811       0.000
23   0.000   0.000       0.000
24   0.000   0.000       0.000
25   0.066   0.059       0.000
26   3.710   5.485       3.371
27   0.000   0.000       0.000
28   0.000   0.000       0.000
29   0.476   1.101       2.686
30   0.000   2.943       0.000
31   0.522   0.000       3.674
32   0.971   3.224       1.971
33   1.087   0.000       0.000
34   1.121   4.186       0.000
35   1.243   0.000       0.481
36   0.000   1.853       0.778
37   1.975   1.963       1.959
38   0.000   2.064       0.818
39   1.905   2.156       1.489
40   0.114   5.083       1.255
41   2.089   0.000       0.874
42   0.000   0.000       3.040
43   0.819   2.072       0.000
44   2.543   8.721       0.881
45   0.185   0.000       2.251
46   0.515   0.142       0.000
47   0.882   0.368       3.093
48   2.210   0.000       0.000
49   0.000   1.651       3.447
50   0.000   5.068       0.000
51   1.690   0.000       0.000
52   0.000   0.000       0.740

 [*,Zielonka,Kapusta,*] (tr)
:  ArabicGroceryShop Krzesak Stoisko UAktora UKarolci UKermita UPanaWojtka VegitoWarzywa    :=
1         0.372        0.000   0.613   0.724   0.888    0.420      0.745        1.386
2         1.065        0.000   0.401   0.436   3.852    1.045      0.383        0.000
3         0.000        0.000   1.064   2.960   0.000    0.000      0.865        3.488
4         2.778        0.000   0.000   0.000   0.000    0.000      0.000        0.000
5         0.000        0.000   0.410   0.415   0.000    0.521      1.524        0.000
6         0.000        0.000   1.688   0.000   0.956    0.000      0.000        0.000
7         0.000        0.000   0.000   0.000   1.573    1.322      1.794        0.000
8         0.000        0.000   0.000   0.000   0.000    0.000      0.000        0.000
9         0.000        0.000   1.515   0.000   4.244    0.000      0.000        1.680
10        0.000        0.000   0.000   0.000   0.417    0.000      0.000        0.129
11        2.701        0.000   0.000   0.000   0.000    0.595      1.620        0.000
12        0.000        0.000   1.281   0.858   0.000    0.000      0.000        1.456
13        0.000        2.655   0.000   0.000   0.000    0.000      0.000        0.000
14        0.000        0.000   0.383   1.257   0.346    1.406      2.088        0.000
15        0.000        0.000   0.000   0.000   1.876    0.000      0.000        0.985
16        0.000        0.000   1.544   0.000   0.000    0.000      0.000        0.000
17        0.527        0.000   0.000   0.998   0.734    0.000      0.000        1.305
18        0.000        0.000   0.000   0.000   0.727    1.364      0.377        0.000
19        0.810        0.000   0.513   2.379   2.556    0.000      1.279        0.706
20        0.000        0.000   2.128   0.000   0.000    0.000      0.000        1.107
21        2.796        0.000   0.000   0.000   0.000    0.000      0.594        0.000
22        0.000        0.000   0.000   0.000   1.859    0.000      2.538        0.685
23        0.000        0.000   0.000   0.000   0.000    0.000      0.000        2.159
24        0.000        0.000   0.652   2.105   0.899    0.856      0.000        0.000
25        0.000        0.000   1.837   0.000   3.052    0.000      0.000        0.000
26        0.000        1.611   0.000   0.000   0.000    1.205      1.654        0.000
27        0.553        0.000   0.000   0.000   0.000    0.000      0.000        1.576
28        3.369        0.000   1.561   0.456   2.151    0.000      0.000        0.000
29        0.000        0.000   0.000   0.000   0.000    1.084      1.760        1.742
30        0.000        0.000   0.000   1.171   3.081    0.000      0.000        0.000
31        0.000        0.000   1.716   0.000   0.000    0.000      0.000        1.473
32        0.000        1.774   0.000   0.000   0.000    0.671      1.553        0.000
33        0.634        0.000   0.000   0.509   3.514    0.000      0.000        2.067
34        0.351        4.013   1.427   0.814   0.000    0.909      0.729        0.826
35        1.496        0.000   0.000   2.258   0.000    0.000      1.281        0.000
36        0.000        0.000   0.372   0.000   2.405    2.020      0.056        0.000
37        2.624        0.000   0.571   0.000   0.000    0.000      0.782        1.778
38        0.000        0.000   0.902   0.000   3.996    0.000      1.419        0.000
39        0.000        0.000   1.462   0.000   0.000    0.000      0.000        1.833
40        0.350        0.000   0.000   0.826   0.000    0.512      0.557        0.000
41        0.289        0.000   1.133   1.058   4.508    2.483      0.989        0.559
42        0.726        0.000   0.392   0.000   0.000    0.000      0.618        1.887
43        2.894        0.000   0.528   1.806   0.000    0.000      2.766        0.000
44        0.000        0.000   0.913   0.000   0.000    0.000      0.000        0.630
45        0.000        0.000   0.694   0.000   2.290    0.000      0.000        2.269
46        0.000        0.000   0.777   0.215   0.000    0.095      0.038        0.000
47        0.362        0.000   2.455   1.916   1.250    1.430      0.487        0.373
48        0.836        0.000   0.000   0.000   2.306    0.000      1.233        2.207
49        1.652        0.000   0.130   0.000   0.000    0.000      0.000        0.000
50        0.000        0.000   0.000   0.000   1.378    0.000      1.858        0.296
51        0.000        0.000   0.000   0.711   1.861    0.346      0.000        1.276
52        0.519        0.000   0.471   0.000   0.000    0.366      0.000        0.000

 [*,Zielonka,Marchew,*] (tr)
:  Stoisko UKarolci UPanaWojtka VegitoWarzywa    :=
1    0.834   1.340      3.943        1.054
2    1.334   4.860      0.000        1.031
3    0.000   3.381      0.000        0.929
4    3.013   0.000      0.000        0.774
5    0.000   0.000      0.143        2.832
6    0.000   0.000      0.000        0.000
7    0.839   0.000      1.052        0.000
8    0.000   6.722      0.000        0.426
9    0.781   0.000      0.000        1.715
10   0.620   0.000      0.000        0.000
11   1.978   0.000      2.400        0.956
12   0.000   0.000      0.000        4.638
13   0.000   0.000      0.000        0.000
14   0.846   3.929      0.956        0.000
15   0.343   0.000      0.000        0.000
16   2.248   0.000      2.734        0.000
17   0.000   4.989      0.000        0.000
18   0.100   0.000      0.000        3.965
19   1.673   0.000      0.000        0.000
20   0.000   0.000      0.000        1.321
21   0.673   0.963      1.674        0.000
22   1.572   3.902      0.000        0.000
23   0.000   0.000      1.518        0.000
24   2.695   0.000      0.000        3.432
25   0.000   1.414      2.647        0.000
26   0.000   1.332      0.000        0.000
27   1.778   1.737      0.000        0.000
28   0.000   1.647      4.006        4.201
29   1.719   5.055      0.000        0.000
30   0.000   0.000      0.000        2.460
31   1.081   0.000      0.000        0.000
32   0.000   0.854      0.000        0.000
33   3.209   1.174      0.000        0.086
34   0.000   2.199      0.000        3.430
35   0.000   5.338      0.848        0.000
36   2.578   0.000      0.000        0.000
37   0.000   0.000      1.098        3.627
38   0.000   3.950      2.023        0.000
39   1.213   0.000      0.000        0.000
40   0.889   1.925      0.000        4.723
41   2.157   2.654      0.000        0.000
42   0.000   3.583      0.000        0.000
43   2.066   0.000      0.000        0.000
44   0.000   0.000      0.000        1.742
45   1.012   1.648      0.846        0.000
46   1.171   1.591      1.440        1.246
47   2.104   3.885      0.000        1.564
48   0.000   0.000      0.000        1.518
49   0.000   1.426      0.000        3.146
50   1.248   4.079      1.828        0.000
51   1.153   0.701      0.000        0.000
52   0.000   0.000      0.000        0.683

 [*,Zielonka,Ziemniaki,*] (tr)
:  ArabicGroceryShop Stoisko UKarolci UPanaWojtka VegitoWarzywa    :=
1         1.874        1.234   1.967      1.493        1.352
2         0.000        0.868   1.898      0.915        3.941
3         0.000        1.110   1.841      0.806        0.000
4         0.000        1.535   2.161      0.980        0.779
5         0.000        2.886   5.614      1.260        0.000
6         0.000        0.000   0.224      1.836        5.095
7         0.000        0.000   0.000      2.113        0.953
8         4.934        3.360   3.192      0.000        0.000
9         0.000        0.484   0.000      4.104        0.000
10        0.000        0.000   2.569      0.000        0.000
11        0.000        0.967   2.344      0.000        3.947
12        0.000        0.000   0.000      0.000        0.000
13        0.000        4.726   4.330      3.024        0.000
14        0.000        0.000   0.000      0.000        0.362
15        0.000        0.000   1.027      0.000        1.405
16        3.348        0.000   8.257      2.244        6.017
17        0.000        0.000   0.000      0.000        0.000
18        0.000        3.877   0.000      0.758        0.000
19        0.000        0.000   0.000      1.646        0.000
20        0.956        0.000   0.000      3.518        0.000
21        2.725        0.633   3.814      0.000        2.354
22        0.000        1.178   0.000      0.978        0.000
23        0.000        0.968   1.893      0.000        4.137
24        0.882        1.335   8.349      4.037        0.000
25        4.576        1.955   0.000      0.337        0.000
26        0.000        0.455   0.000      0.402        1.974
27        0.000        1.323   3.955      0.000        0.000
28        0.000        2.038   0.000      1.613        3.326
29        0.787        0.000   3.912      1.154        0.000
30        0.000        4.175   0.000      2.928        1.772
31        3.471        0.000   0.000      0.000        1.273
32        0.591        0.000   7.162      2.947        1.879
33        0.000        0.428   0.000      1.120        3.167
34        0.000        1.577   0.371      0.000        0.000
35        0.000        1.357   4.653      4.496        4.648
36        0.000        2.863   0.381      0.000        0.000
37        0.797        0.000   2.588      0.049        0.000
38        1.622        2.378   3.233      1.122        4.887
39        4.477        0.431   5.789      4.260        0.000
40        0.000        1.212   1.525      0.274        0.467
41        0.000        1.245   0.000      0.462        3.092
42        0.000        3.412   3.779      4.018        0.000
43        1.990        1.417   0.922      0.000        3.194
44        0.795        0.000   2.065      0.000        0.000
45        1.511        3.158   2.313      4.401        1.250
46        4.523        0.000   5.028      0.000        5.466
47        0.000        1.096   0.000      0.000        0.000
48        0.000        0.705   6.933      3.463        0.719
49        0.000        1.150   0.000      1.494        1.638
50        2.200        3.434   0.587      0.000        3.949
51        0.000        0.000   3.998      0.000        0.000
52        0.000        0.000   0.000      1.171        0.000
;

