sum{m in MAGAZYNY, w in WARZYWA} transport_do_sklepow_tyg[s,m,w,t]*koszt_transportu*dystans_sklep_magazyn[s,m] [*,*]
:  ArabicGroceryShop DobryWarzywniak   Krzesak    Stoisko   UAktora UCHLOPAKOW   UKarolci  UKermita UPanaWojtka VegitoWarzywa    :=
1        467.175          433.010       742.299   366.408   594.428   588.747     783.899   172.873    813.271      486.658
2        104.389          137.574      1147.651   568.533   477.912   439.178     976.203   355.315    132.334      410.256
3        662.032          198.892         0.000   220.593   325.598    51.094     480.471    99.678    304.799      584.203
4        317.244          155.840       421.350   461.691    40.344   180.410     355.770   145.768     99.986      128.146
5        246.247          205.049      1113.832   334.560   411.134    85.611     774.112   183.485    681.426      233.620
6         89.896           98.897       325.052   280.282   192.352   184.436     108.523    78.663    299.056      480.923
7          0.000          354.529         0.000   389.910   145.512   413.078     361.455   170.752    505.717      243.419
8        606.633          116.249        46.028   341.076     0.000   442.727     912.075     0.000    146.010       35.112
9        244.913          141.041       601.140   282.170   404.820     0.000     532.474   149.109    599.345      588.418
10        74.420           87.114       690.238    62.953     0.000   314.938     511.814   112.811      0.000       10.610
11       327.609           36.224         0.000   461.525   384.236     0.000     215.669   300.230    446.216      404.478
12       157.994            0.000       185.837   130.021   351.699   254.109     720.082    82.930    374.391      502.688
13       283.848          465.802       296.031   543.549   221.710   381.101     398.342    25.263    357.828      204.943
14        91.672           48.859       631.091   251.462   185.655     0.000     393.374   168.680    310.527       29.892
15         0.000           61.919         0.000    34.790   183.125   314.583     267.047   126.410    112.714      197.239
16       524.812          133.924       965.800   464.763   185.522   320.921     759.608    27.325    507.747      614.502
17        51.668            0.000       373.240   237.231   109.774   270.600     526.483   183.981      0.000      107.687
18       430.862           94.522        72.509   403.684   612.695     0.000     419.828   130.283    174.255      404.964
19        79.351          448.561       594.438   344.350   335.887   227.615     235.141   158.684    725.309      145.254
20        93.663          120.529       351.032   216.015    71.525     0.000       0.000   158.994    358.817      286.359
21       541.091            0.000       254.662   477.247   420.426   698.644     570.934     0.000    399.123      544.017
22       241.385          142.828       206.076   279.099   218.642     0.000    1064.665     0.000    358.685       56.474
23       186.255          140.761       480.945    98.296   154.462   304.063     174.144   184.006    154.866      519.470
24       124.365          294.501       113.438   579.493   330.264   200.366     850.807   154.955    564.531      283.124
25       448.481            0.000      1181.941   391.619   354.799     1.270     416.216   225.048    304.336        0.000
26       343.699          226.567       544.130   422.794    63.847   311.805     627.202   115.077    307.435      440.966
27       116.483          154.943        13.585   314.769   371.465   215.497     523.716    77.332    111.486      129.996
28       414.303          138.324       741.664   365.324    50.194   143.268     349.485   243.781    695.099      620.996
29       341.942          190.240       881.806   222.824   273.324   590.319     926.271   155.265    471.849      365.267
30       417.937           75.722       133.121   423.762   465.425   235.077     554.211   164.707    378.037      349.152
31       340.136          129.371       697.003   336.925     0.000   177.833       0.000   137.860    100.165      529.626
32       265.887          288.678       373.923    98.526   354.381   446.491    1034.113    82.099    597.692      317.619
33       326.357           47.248       244.038   479.549   267.179   191.081     431.265   226.279    494.526      438.916
34       454.569          198.670       592.938   449.227   365.402   126.874     621.501   215.459    133.444      351.132
35       256.217          325.651       843.793   263.878   248.345   283.873     919.097    36.800    767.314      423.134
36       275.029          292.853       234.629   590.053   236.844   424.632     426.871   387.706    365.746       64.208
37       555.539          256.754       205.480   258.433   366.728   119.215     418.690   107.713    196.697      607.549
38       356.599           94.444      1007.093   332.952   351.439   335.948    1218.279   184.433    546.488      470.692
39       541.230          359.880       640.213   508.559   397.417   454.005     730.965   247.861    561.523      274.084
40       403.504          160.167       772.474   224.854   203.370   100.077     785.047   168.598    506.289      531.718
41       198.075            0.000       417.077   672.399   378.519   384.824     658.902   349.528    368.428      373.287
42       144.159          364.732       643.847   386.111   355.330   334.834     677.298    98.013    556.593      406.421
43       668.504          184.614       164.914   490.214   342.176   295.127     275.461   130.965    400.835      263.529
44       302.643          218.656       592.714   350.785   170.026   143.114     992.286   150.162    262.690      268.371
45       359.425          297.143       810.311   512.479   473.302   289.315     575.065   193.991    535.218      476.075
46       529.727           96.605       335.603   249.991   214.442   295.267     621.971   118.587    349.988      553.735
47       130.599          344.757        86.228   663.484   253.585   264.817     506.289   361.977    296.755      415.020
48       501.836          259.344       992.759   295.832   272.071   224.376     849.923    35.345    576.928      366.619
49       161.876            0.000       227.534   129.926   108.250   518.946     283.127   182.454    242.549      679.070
50       622.812          273.539       312.248   475.276   185.054   194.861    1022.348    60.085    509.044      350.189
51         0.000          235.862         0.000   288.511   263.562    27.997     603.546   158.210     72.124      105.273
52       200.054            0.000       401.399    47.848    84.160   129.521       0.000   104.002    296.521      117.413
;

