sum{m in MAGAZYNY, w in WARZYWA} transport_do_sklepow_tyg[s,m,w,t] [*,*]
:  ArabicGroceryShop DobryWarzywniak  Krzesak Stoisko UAktora UCHLOPAKOW UKarolci UKermita UPanaWojtka VegitoWarzywa    :=
1         4.991            6.321        8.060   3.588   6.320    7.268      8.521   2.463      8.000        5.899
2         1.065            2.008       12.624   5.601   5.109    5.422     10.611   4.976      1.297        4.973
3         7.356            2.904        0.000   2.173   2.960    0.631      5.223   1.534      3.028        7.081
4         3.286            2.275        4.555   4.549   0.439    2.227      3.867   2.243      0.980        1.553
5         2.736            2.993       12.261   3.296   4.388    1.057      8.414   2.578      6.737        2.832
6         0.999            1.444        3.592   2.761   2.091    2.277      1.180   1.210      2.948        5.829
7         0.000            5.176        0.000   3.841   1.582    5.100      3.929   2.007      4.958        2.951
8         6.317            1.697        0.498   3.360   0.000    5.466      9.914   0.000      1.453        0.426
9         2.721            2.059        6.595   2.780   4.400    0.000      5.788   2.294      5.930        7.132
10        0.827            1.272        7.627   0.620   0.000    3.888      5.563   1.736      0.000        0.129
11        3.412            0.529        0.000   4.547   4.176    0.000      2.344   4.340      4.385        4.903
12        1.766            0.000        2.053   1.281   3.655    3.137      7.827   1.276      3.725        6.093
13        3.207            6.800        2.655   5.355   2.410    4.705      4.330   0.389      3.515        2.484
14        1.019            0.713        6.973   2.477   1.772    0.000      4.276   1.935      3.044        0.362
15        0.000            0.904        0.000   0.343   1.990    3.884      2.903   1.945      1.139        2.391
16        5.534            1.955       10.672   4.579   2.017    3.962      8.257   0.420      4.978        7.449
17        0.527            0.000        4.097   2.337   0.998    3.341      5.723   2.830      0.000        1.305
18        4.827            1.380        0.784   3.977   6.660    0.000      4.563   1.364      1.726        4.909
19        0.810            6.548        6.444   3.393   3.185    2.810      2.556   2.441      7.173        1.761
20        0.956            1.760        3.879   2.128   0.777    0.000      0.000   2.446      3.518        3.471
21        5.521            0.000        2.814   4.702   4.570    8.625      6.206   0.000      3.963        6.594
22        2.682            2.085        2.228   2.750   2.377    0.000     11.572   0.000      3.517        0.685
23        2.070            2.055        5.250   0.968   1.679    3.754      1.893   2.831      1.518        6.297
24        1.303            4.299        1.253   5.685   3.178    2.474      9.248   1.982      5.580        3.432
25        4.576            0.000       13.031   3.858   3.857    0.016      4.524   3.462      2.984        0.000
26        3.879            3.308        5.551   4.165   0.694    3.849      6.817   1.205      3.028        5.345
27        1.245            2.262        0.147   3.101   4.038    2.660      5.693   1.190      1.109        1.576
28        4.304            2.019        8.144   3.599   0.456    1.769      3.799   3.750      6.833        7.527
29        3.729            2.777        9.717   2.195   2.971    7.288     10.068   1.880      4.666        4.427
30        4.675            1.105        1.451   4.175   4.830    2.902      6.024   2.534      3.718        4.232
31        3.471            1.889        7.535   3.319   0.000    2.195      0.000   2.121      1.012        6.420
32        2.902            4.214        3.707   0.971   3.852    5.512     11.240   0.948      5.899        3.850
33        3.620            0.690        2.697   4.725   2.805    2.359      4.688   3.481      4.904        5.320
34        5.020            2.900        5.621   4.419   3.813    1.566      6.755   2.888      1.326        4.256
35        2.714            4.754        9.324   2.600   2.258    3.505      9.990   0.566      7.550        5.129
36        3.073            4.275        2.593   5.813   2.574    5.242      4.640   5.017      3.638        0.778
37        5.910            3.748        2.271   2.546   3.986    1.472      4.551   1.657      1.928        7.364
38        3.818            1.379       11.082   3.280   3.820    4.148     13.242   2.837      5.382        5.705
39        5.635            5.254        7.074   5.010   4.320    5.605      7.945   3.813      5.524        3.322
40        4.498            2.338        8.416   2.215   2.049    1.236      8.533   2.354      5.039        6.445
41        2.175            0.000        4.571   6.625   3.907    4.751      7.162   4.212      3.644        4.525
42        1.537            5.325        7.114   3.804   3.862    4.134      7.362   1.508      5.469        4.926
43        7.029            2.695        1.814   4.830   3.366    3.644      2.994   2.015      3.947        3.194
44        3.292            3.192        6.549   3.456   1.848    1.767     10.786   2.310      2.614        3.253
45        3.899            4.338        8.873   5.049   5.145    3.572      6.251   2.984      5.247        5.771
46        5.484            1.410        3.686   2.463   2.289    3.645      6.761   1.780      3.490        6.712
47        1.428            5.033        0.932   6.537   2.381    3.269      5.503   4.898      2.946        5.031
48        5.502            3.786       10.788   2.915   2.957    2.770      9.238   0.544      5.685        4.444
49        1.652            0.000        2.514   1.280   1.177    6.407      3.077   2.807      2.405        8.231
50        6.759            3.993        3.405   4.683   2.011    2.406     11.112   0.924      5.030        4.245
51        0.000            3.443        0.000   2.842   2.726    0.346      6.560   2.272      0.729        1.276
52        2.186            0.000        4.435   0.471   0.915    1.599      0.000   1.428      2.933        1.423
;

