transport_do_sklepow_tyg [*,Piaseczno,Buraki,*] (tr)
:  ArabicGroceryShop DobryWarzywniak Krzesak UKermita UPanaWojtka    :=
1         0.000            1.081       1.996   0.877      0.000
2         0.000            1.802       4.580   0.585      0.000
3         0.000            0.000       0.000   0.600      0.913
4         0.000            0.664       0.000   1.934      0.000
5         0.000            0.946       4.558   0.000      0.000
6         0.000            0.830       0.000   0.000      0.000
7         0.000            1.491       0.000   1.718      0.000
8         0.000            0.000       0.000   0.000      0.000
9         1.089            2.073       6.336   0.000      0.000
10        0.000            1.411       0.000   1.585      0.000
11        0.822            0.000       0.000   0.000      0.000
12        1.299            0.000       0.000   0.000      0.000
13        2.022            3.203       0.000   0.441      0.000
14        0.000            0.000       3.591   0.754      0.000
15        0.000            0.000       0.000   2.387      0.000
16        0.000            0.977       0.000   0.000      0.000
17        0.000            0.000       3.538   0.000      0.000
18        0.627            0.000       0.000   0.375      0.000
19        0.000            1.936       0.000   0.702      0.000
20        0.000            0.000       1.255   1.036      0.000
21        0.000            0.000       1.841   1.136      0.000
22        0.000            1.096       0.658   0.000      0.000
23        0.000            1.013       2.995   1.168      0.000
24        0.000            1.079       0.000   0.000      0.000
25        0.000            0.840       4.484   2.139      0.000
26        2.955            3.710       0.000   0.000      0.000
27        0.000            0.000       0.000   0.000      0.000
28        0.000            0.000       3.703   1.752      0.000
29        0.000            0.000       0.000   0.000      0.000
30        1.257            2.107       3.245   0.844      0.000
31        1.257            0.059       0.000   0.000      0.000
32        0.000            1.722       1.824   0.751      0.000
33        2.498            0.000       3.383   0.803      0.000
34        0.000            1.997       0.000   1.572      0.000
35        0.000            0.000       4.514   0.000      0.586
36        0.000            2.502       0.000   1.842      0.000
37        1.257            0.000       0.000   0.000      0.000
38        0.000            0.671       2.035   0.000      0.000
39        0.808            2.147       1.985   1.602      0.000
40        2.207            0.000       3.152   0.000      0.000
41        0.000            1.073       0.000   0.797      0.000
42        0.000            0.899       2.066   0.797      0.000
43        2.515            2.411       1.633   1.371      0.000
44        0.000            0.486       3.526   0.000      0.000
45        2.515            0.000       0.000   1.557      0.000
46        0.000            2.174       5.708   0.000      0.000
47        1.169            0.000       1.983   1.431      0.000
48        0.000            2.029       0.000   0.000      0.000
49        0.000            0.000       0.000   1.710      0.000
50        1.257            3.182       3.215   0.000      0.000
51        0.000            0.000       0.000   0.000      0.000
52        1.257            0.000       1.426   0.580      0.000

 [*,Piaseczno,Kapusta,*] (tr)
:  DobryWarzywniak Krzesak UKermita    :=
1        0.961       0.000   1.861
2        0.000       0.000   0.000
3        1.820       0.000   0.226
4        0.000       0.000   0.000
5        0.000       0.000   0.000
6        2.510       0.000   0.553
7        0.000       0.000   0.436
8        0.000       0.000   0.621
9        0.151       0.000   0.000
10       0.000       2.513   1.005
11       1.062       0.000   0.000
12       0.000       0.000   0.000
13       0.875       0.571   1.343
14       0.000       3.004   0.000
15       1.288       0.000   0.000
16       0.000       0.000   1.250
17       0.000       0.000   0.000
18       0.763       0.000   0.000
19       0.000       0.000   0.497
20       0.628       2.362   0.474
21       0.358       0.000   1.351
22       1.540       0.000   0.000
23       0.000       1.934   0.000
24       0.595       0.000   0.667
25       0.549       1.600   0.000
26       1.171       0.000   1.346
27       0.000       1.244   0.000
28       2.031       3.479   0.164
29       0.000       0.000   0.434
30       0.000       0.000   0.493
31       1.807       0.000   1.500
32       0.000       4.766   0.000
33       1.838       0.000   0.000
34       0.000       0.000   0.693
35       0.000       0.000   0.742
36       0.668       0.000   0.000
37       0.794       2.329   0.435
38       1.319       0.000   0.993
39       0.297       0.000   0.429
40       1.669       0.000   0.485
41       0.000       0.000   0.666
42       0.420       0.000   0.559
43       0.703       3.376   0.892
44       2.106       0.000   0.000
45       0.000       0.000   0.611
46       0.000       0.000   0.928
47       2.082       0.000   0.000
48       0.000       0.000   0.460
49       0.000       0.000   1.165
50       0.758       2.922   0.000
51       0.607       0.000   0.000
52       0.694       0.000   0.318

 [*,Piaseczno,Marchew,*] (tr)
:  ArabicGroceryShop DobryWarzywniak Krzesak UKermita UPanaWojtka    :=
1         0.000            0.978       3.557   0.949      0.000
2         0.000            1.470       0.000   0.568      0.000
3         0.000            0.000       1.127   1.258      0.000
4         0.000            2.417       2.382   0.000      0.000
5         0.000            0.000       0.000   1.367      0.000
6         0.000            0.000       4.098   0.840      0.000
7         0.000            2.297       0.000   0.000      0.000
8         0.000            0.000       0.000   0.000      0.000
9         0.000            0.000       2.953   0.492      0.000
10        0.000            2.247       0.000   0.709      0.000
11        0.000            0.000       0.000   2.826      0.000
12        0.000            0.000       2.189   0.000      0.000
13        0.000            1.729       0.000   0.000      0.000
14        0.000            0.000       4.626   0.000      0.000
15        0.000            0.000       0.000   0.000      0.000
16        0.000            1.307       0.000   0.555      0.000
17        0.000            0.000       0.000   1.257      0.000
18        0.000            0.702       1.176   0.000      0.000
19        0.671            2.991       0.980   0.682      0.000
20        0.000            0.000       5.043   1.427      0.000
21        0.000            0.000       0.000   0.000      0.000
22        0.000            0.000       0.000   0.636      0.000
23        0.000            2.022       0.000   2.396      0.000
24        0.000            0.000       3.686   0.000      0.000
25        0.000            0.726       0.000   0.000      0.000
26        0.000            0.795       0.000   0.000      0.000
27        0.992            0.931       1.756   1.504      0.000
28        1.135            1.022       3.446   0.000      0.000
29        0.000            3.106       0.000   1.122      0.000
30        0.000            0.000       4.100   0.000      0.000
31        0.000            0.000       0.000   0.725      0.362
32        0.000            1.918       1.572   0.686      0.000
33        2.336            0.720       3.595   1.818      0.000
34        0.000            0.000       0.000   0.000      0.000
35        0.000            2.990       0.000   0.682      0.000
36        0.000            0.349       2.799   1.075      0.000
37        0.000            0.000       0.000   0.000      0.000
38        0.000            2.375       1.926   0.672      0.000
39        0.000            0.000       4.643   0.924      0.000
40        0.000            2.248       0.000   0.901      0.000
41        0.000            0.000       6.481   0.901      0.000
42        0.000            2.844       0.000   0.840      0.000
43        0.000            0.000       2.143   0.719      0.000
44        0.000            0.000       0.000   2.108      0.000
45        0.000            1.391       0.000   0.000      0.000
46        0.000            0.584       0.000   0.000      0.000
47        0.000            1.720       2.074   0.763      0.000
48        0.000            0.244       6.147   0.635      0.000
49        0.000            1.056       0.000   1.278      0.000
50        0.000            1.080       0.000   0.000      0.000
51        0.000            1.001       0.000   0.297      0.000
52        0.000            1.025       1.307   0.560      0.000

 [*,Piaseczno,Ziemniaki,*] (tr)
:  DobryWarzywniak Krzesak UKermita    :=
1        3.979       2.545   1.329
2        0.495       6.068   2.488
3        0.071       0.000   0.000
4        0.000       0.000   0.000
5        2.302       7.246   2.166
6        0.000       0.000   0.000
7        0.887       0.000   0.915
8        2.634       0.632   0.000
9        1.058       0.000   1.574
10       0.000       4.581   0.000
11       0.806       5.314   0.630
12       1.242       0.000   1.839
13       0.846       0.000   0.000
14       1.648       0.000   1.116
15       0.000       0.000   0.402
16       1.861       9.641   0.704
17       0.000       0.000   1.850
18       1.065       0.000   0.000
19       1.527       2.429   2.989
20       1.015       0.000   0.000
21       0.000       3.052   0.000
22       2.875       0.000   1.702
23       0.000       0.000   0.000
24       3.597       0.000   0.709
25       0.122       5.968   1.181
26       0.000       0.000   0.692
27       1.975       2.361   1.066
28       0.962       0.000   1.863
29       1.267       8.324   0.000
30       1.413       0.000   2.755
31       1.662       0.000   0.000
32       1.940       2.917   0.000
33       0.759       0.000   1.560
34       1.293       2.365   1.548
35       1.725       6.497   0.716
36       1.261       0.000   1.542
37       3.189       0.000   0.000
38       0.163       8.691   2.531
39       2.423       0.000   0.000
40       0.738       0.000   1.390
41       1.646       0.535   2.457
42       2.240       4.703   1.579
43       0.343       0.000   0.370
44       1.341       2.311   1.083
45       2.967       7.782   0.173
46       0.000       0.000   0.912
47       1.615       2.328   2.219
48       2.352       0.014   0.551
49       0.408       6.671   0.000
50       1.544       0.000   1.008
51       2.781       0.000   1.244
52       0.000       1.855   0.000

 [*,Pruszkow,Buraki,*] (tr)
:  ArabicGroceryShop UAktora UCHLOPAKOW UPanaWojtka    :=
1         1.383        3.240    1.282       0.000
2         1.218        0.000    1.830       0.000
3         1.133        0.000    0.000       0.000
4         1.103        0.000    2.836       0.000
5         0.775        1.945    0.000       2.249
6         3.176        0.000    0.000       0.000
7         0.000        2.906    2.467       0.000
8         0.000        0.000    0.000       0.000
9         0.000        0.000    0.000       0.000
10        1.036        0.000    2.603       0.000
11        0.000        4.376    0.000       0.000
12        0.000        0.000    0.000       0.000
13        0.000        0.000    4.082       0.000
14        0.000        0.243    0.000       0.000
15        2.681        0.000    0.000       0.000
16        0.000        0.000    0.000       0.000
17        0.000        0.000    1.657       0.000
18        0.382        0.920    0.000       0.000
19        2.032        0.901    2.111       0.000
20        0.000        0.781    0.000       0.000
21        1.013        0.969    1.121       0.000
22        2.052        1.686    0.995       0.000
23        0.000        0.000    4.598       0.000
24        2.130        2.000    0.000       0.000
25        0.162        0.000    0.000       0.000
26        0.000        0.964    0.004       0.000
27        0.000        0.838    1.243       0.000
28        1.711        1.645    0.798       0.000
29        0.000        0.000    2.063       0.000
30        0.000        2.039    0.000       1.227
31        0.000        0.000    3.300       0.000
32        1.257        3.136    0.000       0.000
33        0.000        0.346    0.475       0.000
34        0.000        0.000    1.267       0.000
35        2.515        0.297    1.299       0.000
36        0.000        1.094    3.192       0.000
37        0.000        1.669    0.000       0.000
38        1.638        1.177    0.000       0.000
39        0.000        0.000    3.495       1.227
40        0.000        0.714    0.000       0.000
41        0.000        2.152    0.436       0.907
42        1.286        0.068    1.395       0.000
43        0.000        1.161    1.380       1.227
44        0.000        1.150    3.180       0.000
45        0.000        3.054    0.000       0.000
46        0.000        0.000    0.000       0.000
47        0.000        0.000    1.001       0.000
48        1.302        0.365    1.052       0.000
49        1.220        0.864    2.585       0.000
50        0.000        1.180    0.000       0.000
51        1.257        1.736    1.213       0.000
52        0.000        0.000    1.050       1.060

 [*,Pruszkow,Kapusta,*] (tr)
:  Krzesak UAktora UCHLOPAKOW    :=
1    3.229   1.197    1.450
2    0.000   0.000    0.000
3    0.000   2.359    0.610
4    0.987   0.000    1.805
5    1.638   0.000    0.000
6    0.000   1.209    0.000
7    0.685   0.000    0.695
8    0.572   0.037    2.564
9    0.932   0.000    0.000
10   0.000   0.486    0.000
11   0.000   1.201    0.000
12   0.000   0.000    0.000
13   0.000   0.000    1.954
14   0.000   0.000    0.000
15   0.000   0.000    0.000
16   0.000   1.567    2.939
17   0.953   0.000    0.000
18   0.000   0.000    0.000
19   0.697   0.000    0.121
20   0.000   0.000    0.000
21   0.000   0.622    1.338
22   0.000   0.579    0.000
23   0.000   0.000    1.592
24   0.000   0.000    0.000
25   0.000   0.000    2.191
26   0.000   1.127    0.000
27   0.000   0.000    0.000
28   0.000   1.032    1.081
29   0.000   0.000    0.000
30   0.000   0.714    0.857
31   1.443   1.969    0.846
32   0.000   0.000    0.673
33   0.000   0.000    1.708
34   0.000   0.000    0.884
35   0.000   0.000    0.000
36   0.000   0.000    2.849
37   0.000   0.615    0.000
38   0.000   1.250    0.000
39   1.272   0.000    0.000
40   3.273   1.981    1.602
41   0.000   0.000    0.000
42   0.000   0.000    0.886
43   0.000   0.000    1.603
44   0.000   1.332    1.135
45   0.000   0.000    0.000
46   1.330   0.978    0.387
47   1.508   2.317    2.717
48   2.160   0.000    0.000
49   0.000   0.000    0.000
50   0.000   0.000    0.365
51   0.000   0.000    0.780
52   0.000   0.484    0.633

 [*,Pruszkow,Marchew,*] (tr)
:  ArabicGroceryShop UAktora UCHLOPAKOW UPanaWojtka    :=
1         1.370        0.988    1.193       0.000
2         1.192        2.084    2.667       1.008
3         3.800        0.000    0.000       0.000
4         0.000        0.000    0.740       0.000
5         0.000        2.416    0.000       0.000
6         0.769        0.000    1.856       0.000
7         0.000        0.000    0.000       0.000
8         1.187        0.701    2.771       1.275
9         3.699        1.952    0.000       0.000
10        0.576        0.000    0.574       0.000
11        0.000        0.000    0.000       0.000
12        0.357        1.681    1.332       0.000
13        0.000        0.000    0.000       0.000
14        1.938        0.000    0.855       0.000
15        0.000        2.101    4.070       0.000
16        1.988        0.000    0.000       0.000
17        0.000        0.000    0.492       0.000
18        2.992        0.930    0.867       0.000
19        0.000        1.514    0.000       0.000
20        0.000        0.000    0.000       0.000
21        0.061        3.158    1.928       0.000
22        0.751        1.428    0.000       0.000
23        3.525        0.000    0.986       0.000
24        0.000        0.000    2.372       0.000
25        0.000        0.000    0.267       0.000
26        1.321        0.697    3.406       0.000
27        0.000        1.575    0.000       0.000
28        0.000        0.000    0.000       0.000
29        1.099        1.648    0.000       0.000
30        2.874        0.000    2.412       0.000
31        0.000        2.020    0.000       0.000
32        1.410        0.000    4.382       0.000
33        0.000        2.529    0.000       1.418
34        0.239        0.000    0.000       0.000
35        1.377        0.000    1.435       0.000
36        2.738        3.750    0.000       0.000
37        0.000        0.000    1.983       0.000
38        2.508        0.166    0.000       0.000
39        0.000        0.000    2.458       0.000
40        1.635        1.990    0.000       1.387
41        3.235        0.062    1.057       0.000
42        0.000        4.006    2.862       1.232
43        0.000        0.553    0.000       0.000
44        3.196        0.428    1.769       1.387
45        0.000        0.310    0.000       0.000
46        0.959        0.000    4.681       0.000
47        1.071        0.543    0.000       0.000
48        1.453        2.799    0.000       0.000
49        1.129        0.000    0.000       0.000
50        2.558        0.000    2.110       0.000
51        0.000        1.517    0.000       1.092
52        1.143        0.000    0.964       1.017

 [*,Pruszkow,Ziemniaki,*] (tr)
:  UAktora UCHLOPAKOW    :=
1    1.481    5.075
2    2.358    0.000
3    0.000    0.000
4    2.034    0.291
5    0.000    1.194
6    2.975    1.197
7    0.000    3.203
8    0.000    0.000
9    2.720    0.000
10   0.000    2.388
11   0.000    0.000
12   0.959    2.765
13   2.450    0.000
14   0.000    2.223
15   0.000    0.000
16   1.942    1.519
17   0.000    2.164
18   4.722    0.000
19   0.000    2.672
20   0.000    0.000
21   1.085    4.161
22   0.000    0.000
23   2.382    0.000
24   0.000    1.803
25   4.496    1.665
26   0.000    1.234
27   2.101    2.655
28   0.000    0.000
29   0.000    5.307
30   2.484    0.000
31   0.000    0.714
32   0.752    0.000
33   1.218    2.029
34   3.772    1.665
35   0.000    3.201
36   0.000    0.000
37   2.158    1.232
38   0.000    3.342
39   3.917    0.000
40   0.000    1.720
41   0.819    4.909
42   1.295    0.000
43   1.531    2.369
44   1.572    0.000
45   1.209    2.763
46   2.698    0.000
47   0.000    0.989
48   1.800    1.401
49   0.185    3.197
50   1.804    3.221
51   1.296    0.000
52   0.972    0.007

 [*,Zielonka,Buraki,*] (tr)
:  Stoisko UKarolci UPanaWojtka VegitoWarzywa    :=
1    1.181   5.284      3.621        2.871
2    3.417   0.000      0.000        0.000
3    0.000   0.000      0.302        3.708
4    0.000   1.664      0.000        0.000
5    0.180   3.186      0.000        0.000
6    0.972   0.000      0.000        0.985
7    2.812   2.511      1.103        2.683
8    0.000   0.000      2.990        0.000
9    0.235   1.498      0.000        4.336
10   0.521   2.939      1.163        0.055
11   1.920   0.000      0.000        0.000
12   0.000   7.234      0.997        0.000
13   0.927   0.000      0.988        3.418
14   1.779   0.000      3.105        0.000
15   0.000   0.000      0.000        0.000
16   0.973   0.532      0.000        1.812
17   1.555   1.552      1.050        0.000
18   0.000   4.337      1.835        1.007
19   1.514   0.000      0.000        1.096
20   0.000   0.000      1.082        0.926
21   2.222   1.777      2.384        5.453
22   0.837   5.871      0.000        0.000
23   0.925   0.000      2.675        0.000
24   0.000   0.000      0.000        0.000
25   1.094   0.157      0.000        0.865
26   3.113   5.496      2.375        2.506
27   0.000   0.000      0.000        1.407
28   0.000   0.000      2.388        0.000
29   1.859   1.938      0.076        2.723
30   0.000   3.895      0.000        0.000
31   1.073   0.000      2.281        1.605
32   1.065   3.812      0.000        4.833
33   1.074   0.000      3.098        0.000
34   1.073   3.753      0.000        0.000
35   2.147   0.000      0.000        0.422
36   0.000   2.153      3.650        1.548
37   2.147   2.150      0.000        1.467
38   0.000   1.796      0.000        1.539
39   1.924   2.179      0.000        1.389
40   0.223   6.012      2.773        1.546
41   1.213   0.000      0.000        1.451
42   0.933   0.000      0.000        2.978
43   0.915   2.147      0.000        0.000
44   2.537   7.570      1.227        1.383
45   0.000   0.000      1.227        2.709
46   0.697   0.143      1.227        0.000
47   1.073   2.375      2.315        2.924
48   2.930   0.000      0.000        0.000
49   0.000   2.171      1.078        2.885
50   0.000   5.772      2.032        0.000
51   1.911   0.000      0.436        1.535
52   0.000   0.197      0.000        1.389

 [*,Zielonka,Kapusta,*] (tr)
:  ArabicGroceryShop Stoisko UAktora UKarolci UPanaWojtka VegitoWarzywa    :=
1         0.947        0.823   0.000   1.099      0.959        1.789
2         1.490        0.543   0.000   4.254      0.662        0.000
3         0.000        1.482   0.000   0.000      1.086        2.654
4         2.839        0.000   0.000   0.000      0.619        0.000
5         0.000        0.336   0.000   0.000      1.414        0.000
6         0.000        1.968   0.000   1.074      0.000        0.366
7         1.097        0.000   0.000   1.630      2.131        0.738
8         0.000        0.000   0.000   0.000      0.000        0.941
9         0.000        1.540   0.000   2.319      0.305        0.620
10        0.639        0.000   0.000   1.685      0.478        1.610
11        1.824        0.000   0.000   0.000      1.838        0.000
12        0.000        1.582   0.000   0.000      0.000        2.043
13        0.000        0.000   0.000   0.778      0.000        0.000
14        1.744        0.841   0.855   1.130      0.784        0.000
15        0.000        0.000   0.000   1.809      1.320        1.411
16        0.000        1.651   0.000   0.000      0.000        0.000
17        0.897        0.000   0.000   1.080      0.547        1.861
18        0.669        0.000   0.000   0.936      0.549        0.000
19        1.314        0.575   1.000   2.965      1.371        0.000
20        0.000        2.453   0.000   0.000      0.000        1.366
21        2.772        0.000   0.000   0.000      0.778        0.000
22        0.000        0.000   0.000   2.034      2.059        0.747
23        0.000        0.000   0.488   0.000      0.000        2.001
24        0.000        0.524   1.286   0.968      0.635        0.000
25        0.831        1.940   0.000   3.138      0.000        0.552
26        0.604        0.000   0.000   0.000      2.215        0.838
27        1.054        0.000   0.000   0.000      0.228        1.666
28        2.587        0.890   0.000   2.564      0.000        0.000
29        0.000        1.010   0.000   0.000      1.858        1.886
30        0.375        0.427   0.000   2.600      0.000        0.000
31        0.697        2.268   0.000   0.000      0.660        1.814
32        0.977        0.000   0.000   1.008      1.754        0.000
33        0.761        0.000   0.000   3.883      0.000        0.913
34        0.983        1.759   0.416   0.000      0.866        1.761
35        1.892        0.019   1.433   0.000      1.086        0.000
36        0.000        0.775   0.000   2.854      0.749        1.380
37        2.633        0.743   0.000   0.000      1.055        1.875
38        0.000        0.891   0.000   3.807      2.061        0.022
39        0.089        1.769   0.000   0.000      0.000        2.065
40        0.941        0.000   0.087   0.000      1.074        0.000
41        0.611        0.933   0.000   3.172      1.067        0.963
42        1.040        0.933   0.000   2.568      0.851        1.901
43        2.267        0.578   0.785   0.000      2.538        0.000
44        0.000        0.892   0.000   0.000      0.000        1.184
45        0.454        0.940   0.000   3.188      0.558        2.098
46        1.063        0.870   0.000   0.000      0.702        0.000
47        0.703        0.939   0.000   0.801      0.994        0.424
48        1.065        0.628   0.000   2.656      1.369        2.758
49        1.645        1.942   0.000   0.000      0.000        0.000
50        0.000        0.000   0.000   1.269      2.073        0.000
51        0.901        0.000   0.635   2.567      0.000        1.864
52        0.759        0.491   0.000   0.000      0.660        0.000

 [*,Zielonka,Marchew,*] (tr)
:  Stoisko UKarolci UPanaWojtka VegitoWarzywa    :=
1    1.179   1.674      1.464        1.202
2    1.508   3.225      0.000        1.395
3    0.321   5.019      2.508        0.973
4    2.681   0.000      0.000        1.348
5    0.000   0.000      2.547        3.098
6    0.000   0.000      0.000        0.000
7    0.931   0.841      0.555        0.000
8    0.865   7.820      0.000        1.363
9    0.959   0.000      1.914        1.826
10   0.476   0.000      0.000        0.000
11   2.571   0.000      3.777        1.391
12   0.000   0.000      0.000        3.611
13   0.000   0.000      0.000        0.000
14   0.856   4.225      0.896        0.000
15   0.855   0.000      0.000        0.463
16   1.873   0.000      4.616        1.062
17   0.000   2.915      0.000        0.621
18   0.630   0.000      0.000        3.784
19   1.426   2.687      0.000        0.000
20   0.000   0.000      0.000        0.000
21   1.026   1.749      2.329        0.000
22   1.899   3.587      0.000        1.102
23   0.000   0.000      1.825        1.379
24   2.732   0.703      0.000        4.670
25   0.000   1.428      2.060        0.313
26   0.127   1.391      0.000        0.000
27   2.085   1.753      1.124        0.000
28   0.000   1.900      2.609        3.814
29   2.087   2.441      0.000        0.000
30   0.000   1.097      1.995        3.585
31   1.241   1.902      0.000        0.000
32   0.880   1.716      1.077        0.000
33   2.993   1.897      0.000        0.000
34   0.000   1.987      1.222        2.875
35   0.648   5.742      2.538        0.000
36   1.342   0.000      0.000        1.776
37   1.742   0.000      1.409        4.153
38   0.394   3.913      1.942        0.000
39   1.177   0.000      0.831        0.000
40   1.217   1.453      0.000        4.353
41   2.427   2.362      1.387        0.000
42   0.000   3.844      0.000        1.688
43   2.115   2.155      1.396        0.000
44   0.000   0.000      0.000        3.045
45   1.213   1.834      1.322        0.000
46   1.213   2.051      3.515        1.069
47   2.567   3.713      0.045        1.340
48   0.271   0.000      0.153        1.417
49   0.145   2.070      1.007        2.715
50   0.921   3.523      1.413        0.000
51   1.795   2.096      0.296        1.373
52   0.000   0.000      0.000        1.329

 [*,Zielonka,Ziemniaki,*] (tr)
:  ArabicGroceryShop Stoisko UKarolci UPanaWojtka VegitoWarzywa    :=
1         4.500        1.665   2.353      1.956        1.751
2         0.000        1.091   2.440      1.437        4.071
3         1.038        1.588   2.031      1.568        0.000
4         0.594        1.690   2.200      1.982        2.899
5         2.639        3.423   5.514      1.241        0.000
6         0.000        0.000   0.799      1.689        5.934
7         1.033        0.000   0.000      3.274        0.462
8         3.882        3.393   4.022      0.000        0.000
9         0.000        0.989   0.000      2.963        0.953
10        0.519        0.000   1.069      0.853        0.000
11        2.864        0.547   3.654      0.000        4.869
12        0.000        0.805   0.000      1.363        0.000
13        3.707        3.933   4.666      3.036        0.091
14        0.000        0.000   0.000      0.000        1.325
15        0.000        0.000   1.780      1.034        1.596
16        3.395        1.726   9.689      1.323        6.007
17        1.861        0.000   0.000      1.344        0.000
18        0.444        4.237   0.000      1.099        0.000
19        0.000        0.191   0.000      3.369        0.000
20        1.045        0.000   0.000      1.500        0.179
21        3.136        0.303   4.223      0.000        2.381
22        0.599        1.431   0.000      2.416        0.637
23        0.000        1.274   2.258      0.604        3.075
24        1.958        1.134   8.173      3.527        1.075
25        4.461        1.667   0.000      0.000        1.118
26        0.000        1.215   0.000      0.000        3.670
27        0.496        1.073   4.228      1.626        0.000
28        1.450        3.210   0.000      1.737        3.670
29        3.552        0.000   6.103      2.022        0.000
30        0.263        3.545   0.000      3.303        1.548
31        3.975        0.000   0.000      0.000        2.421
32        2.056        0.959   6.514      3.544        1.864
33        0.000        1.713   0.000      0.122        3.376
34        3.413        1.937   1.611      1.730        0.000
35        0.000        1.802   4.711      2.641        5.869
36        1.893        3.318   0.118      1.468        0.585
37        2.276        0.000   3.185      1.818        0.000
38        1.867        3.352   3.581      2.194        4.109
39        4.593        0.044   4.975      3.809        0.000
40        0.000        1.940   1.651      0.465        2.113
41        1.484        1.913   1.023      2.187        3.640
42        0.662        3.267   2.974      4.104        0.000
43        1.674        1.406   3.057      0.000        4.722
44        1.788        0.265   2.558      1.670        0.000
45        2.056        2.893   2.597      3.742        1.872
46        3.886        0.763   5.577      0.000        5.945
47        0.000        1.929   0.000      1.950        0.000
48        3.643        1.304   6.907      4.016        0.000
49        0.000        1.213   0.000      0.905        1.204
50        3.028        3.319   1.207      0.000        5.558
51        0.550        0.000   2.882      2.103        0.000
52        1.626        0.560   2.622      1.430        0.355
;

