sum{m in MAGAZYNY, w in WARZYWA} transport_do_sklepow_tyg[s,m,w,t] [*,*] (tr)
:  ArabicGroceryShop DobryWarzywniak  Krzesak Stoisko UAktora UCHLOPAKOW UKarolci UKermita UPanaWojtka VegitoWarzywa    :=
1         8.200            7.000       11.328   4.848   6.907    9.000     10.410   5.016      8.000        7.612
2         3.899            3.767       10.648   6.559   4.442    4.497      9.920   3.641      3.107        5.466
3         5.972            1.892        1.127   3.391   2.359    0.610      7.051   2.084      6.378        7.335
4         4.536            3.081        3.369   4.371   2.034    5.673      3.864   1.934      2.602        4.247
5         3.414            3.248       13.443   3.939   4.361    1.194      8.700   3.533      7.451        3.098
6         3.945            3.340        4.098   2.939   4.184    3.053      1.874   1.394      1.689        7.285
7         2.129            4.675        0.685   3.742   2.906    6.366      4.983   3.069      7.064        3.883
8         5.069            2.634        1.204   4.258   0.737    5.335     11.841   0.621      4.265        2.304
9         4.788            3.282       10.221   3.723   4.673    0.000      3.817   2.066      5.182        7.735
10        2.770            3.658        7.094   0.997   0.486    5.565      5.693   3.299      2.494        1.664
11        5.509            1.868        5.314   5.038   5.577    0.000      3.654   3.456      5.616        6.259
12        1.656            1.242        2.189   2.387   2.640    4.098      7.234   1.839      2.359        5.654
13        5.729            6.653        0.571   4.860   2.450    6.036      5.445   1.784      4.024        3.508
14        3.681            1.648       11.221   3.476   1.098    3.078      5.355   1.870      4.785        1.325
15        2.681            1.288        0.000   0.855   2.101    4.070      3.589   2.790      2.354        3.470
16        5.383            4.145        9.641   6.222   3.509    4.458     10.221   2.509      5.939        8.881
17        2.758            0.000        4.492   1.555   0.000    4.313      5.547   3.106      2.941        2.482
18        5.113            2.531        1.176   4.867   6.572    0.867      5.273   0.375      3.483        4.792
19        4.016            6.454        4.107   3.707   3.414    4.904      5.652   4.870      4.740        1.096
20        1.045            1.643        8.661   2.453   0.781    0.000      0.000   2.937      2.582        2.471
21        6.981            0.358        4.894   3.551   5.834    8.548      7.749   2.487      5.491        7.835
22        3.402            5.512        0.658   4.167   3.693    0.995     11.493   2.338      4.475        2.485
23        3.525            3.035        4.929   2.199   2.870    7.176      2.258   3.563      5.104        6.455
24        4.088            5.270        3.686   4.390   3.286    4.175      9.844   1.376      4.162        5.745
25        5.454            2.237       12.051   4.701   4.496    4.123      4.724   3.320      2.060        2.848
26        4.879            5.676        0.000   4.456   2.788    4.644      6.887   2.039      4.589        7.014
27        2.542            2.906        5.362   3.158   4.514    3.898      5.981   2.570      2.977        3.073
28        6.882            4.015       10.629   4.100   2.677    1.879      4.465   3.779      6.734        7.485
29        4.651            4.373        8.324   4.956   1.648    7.371     10.481   1.556      3.956        4.609
30        4.770            3.520        7.345   3.972   5.237    3.269      7.592   4.092      6.525        5.133
31        5.929            3.528        1.443   4.583   3.989    4.860      1.902   2.225      3.303        5.840
32        5.700            5.580       11.079   2.904   3.888    5.055     13.049   1.437      6.376        6.697
33        5.595            3.316        6.979   5.780   4.092    4.212      5.780   4.181      4.637        4.290
34        4.636            3.291        2.365   4.769   4.188    3.816      7.351   3.813      3.818        4.636
35        5.783            4.715       11.012   4.616   1.730    5.936     10.453   2.140      6.850        6.291
36        4.632            4.781        2.799   5.435   4.844    6.041      5.125   4.460      5.866        5.288
37        6.166            3.983        2.329   4.632   4.442    3.214      5.335   0.435      4.282        7.494
38        6.013            4.528       12.652   4.637   2.593    3.342     13.097   4.197      6.198        5.671
39        5.490            4.866        7.900   4.914   3.917    5.953      7.153   2.955      5.866        3.454
40        4.783            4.655        6.425   3.379   4.771    3.322      9.116   2.776      5.699        8.013
41        5.330            2.720        7.016   6.487   3.033    6.403      6.557   4.822      5.547        6.054
42        2.988            6.402        6.769   5.133   5.368    5.143      9.386   3.776      6.187        6.567
43        6.455            3.456        7.151   5.014   4.030    5.352      7.359   3.353      5.161        4.722
44        4.984            3.932        5.837   3.693   4.482    6.083     10.128   3.191      4.284        5.612
45        5.025            4.358        7.782   5.046   4.573    2.763      7.619   2.341      6.849        6.679
46        5.908            2.758        7.038   3.544   3.676    5.068      7.771   1.841      5.444        7.013
47        2.943            5.417        7.894   6.508   2.860    4.706      6.889   4.413      5.303        4.688
48        7.463            4.625        8.321   5.133   4.964    2.453      9.563   1.646      5.537        4.176
49        3.994            1.465        6.671   3.299   1.049    5.781      4.241   4.153      2.990        6.804
50        6.842            6.564        6.136   4.239   2.984    5.696     11.770   1.008      5.518        5.558
51        2.708            4.389        0.000   3.706   5.184    1.993      7.545   1.541      3.927        4.772
52        4.785            1.720        4.587   1.051   1.456    2.654      2.819   1.458      4.167        3.072
;

