sum{m in MAGAZYNY, w in WARZYWA} transport_do_sklepow_tyg[s,m,w,t]*koszt_transportu*dystans_sklep_magazyn[s,m] [*,*]
:  ArabicGroceryShop DobryWarzywniak   Krzesak    Stoisko   UAktora UCHLOPAKOW   UKarolci  UKermita UPanaWojtka VegitoWarzywa    :=
1        781.574          479.500      1031.610   492.098   635.421   729.000     957.745   326.016    816.000      628.028
2        362.855          258.057       963.615   665.764   408.644   364.264     912.622   236.672    315.414      450.958
3        545.767          129.584       101.979   344.178   217.011    49.409     648.660   135.437    647.836      605.132
4        435.717          211.058       306.904   443.672   187.146   459.474     355.508   125.685    265.369      350.379
5        328.325          222.500      1219.871   399.853   401.242    96.711     800.410   229.630    756.674      255.601
6        355.057          228.770       370.891   298.320   384.889   247.290     172.373    90.592    172.303      601.009
7        208.660          320.209        63.338   379.864   267.392   515.618     458.430   199.511    720.517      320.385
8        487.279          180.409       110.147   432.157    67.811   432.116    1089.408    40.392    433.069      190.088
9        429.278          224.827       926.880   377.935   429.880     0.000     351.171   134.273    528.586      638.155
10       258.583          250.568       641.977   101.178    44.728   450.779     523.754   214.422    254.436      137.320
11       532.096          127.966       480.898   511.405   513.071     0.000     336.123   224.665    572.783      516.405
12       147.104           85.105       198.066   242.329   242.920   331.921     665.489   119.520    240.655      466.479
13       542.239          455.721        51.689   493.262   225.424   488.914     500.929   115.986    410.458      289.431
14       345.276          112.897      1015.506   352.808   116.450   249.337     492.623   121.546    488.051      109.288
15       241.258           88.241         0.000    86.759   193.258   329.646     330.196   181.332    240.101      286.267
16       511.585          283.948       872.468   631.584   322.862   361.118     940.310   163.061    605.774      732.690
17       270.294            0.000       408.387   157.840     0.000   349.372     510.342   201.917    299.955      204.779
18       468.165          173.348       106.431   493.987   604.624    70.252     485.147    24.404    355.282      395.303
19       370.954          442.097       373.071   376.218   332.088   397.236     520.009   316.534    483.431       90.460
20       102.394          112.551       783.820   248.962    71.822     0.000       0.000   190.877    263.366      203.841
21       675.589           24.522       442.888   360.427   536.728   692.395     712.864   161.659    560.122      646.351
22       310.963          377.547        59.530   422.999   339.769    80.630    1057.337   151.995    456.480      205.017
23       317.293          207.892       446.035   223.201   272.799   581.240     207.713   231.607    520.577      532.511
24       383.567          361.015       333.598   445.580   325.456   338.147     905.685    89.438    424.500      473.971
25       533.215          153.246      1090.660   477.161   413.672   333.997     434.615   215.817    210.113      234.978
26       439.553          388.804         0.000   452.291   256.451   376.150     633.591   132.521    468.125      578.688
27       239.683          199.051       485.237   320.508   415.327   315.767     550.292   167.039    303.693      253.485
28       649.943          275.029       961.905   416.130   246.290   152.179     410.735   245.662    686.903      617.485
29       447.023          299.532       753.343   503.079   151.659   597.017     964.260   101.171    403.498      380.202
30       432.530          241.112       664.742   403.194   481.842   264.795     698.489   266.001    663.733      423.435
31       569.146          241.648       133.457   465.130   367.016   393.672     175.017   144.631    335.821      481.789
32       537.265          382.258      1002.643   294.735   357.665   409.437    1200.553    93.412    650.353      552.465
33       502.377          227.178       631.562   586.695   376.482   341.134     531.736   271.774    470.894      353.890
34       452.411          225.410       214.056   484.101   392.788   309.086     676.278   247.864    389.397      382.466
35       535.585          322.989       996.559   468.479   184.936   480.776     961.719   139.132    696.972      519.011
36       432.019          327.487       253.299   551.655   445.694   489.325     471.533   289.877    598.377      436.259
37       592.366          272.833       210.810   470.118   408.651   260.359     490.843    28.306    436.772      618.254
38       556.136          310.153      1145.008   470.672   238.551   270.709    1204.907   272.808    632.198      467.833
39       530.343          333.341       717.456   498.723   360.359   482.212     658.103   192.046    596.536      284.972
40       434.648          318.835       588.024   342.975   440.520   269.109     838.646   180.444    579.205      661.093
41       496.487          186.289       634.950   658.397   279.021   518.634     603.202   313.402    564.391      499.430
42       282.526          438.568       612.562   521.027   493.867   416.547     863.489   245.413    629.193      541.750
43       608.707          236.748       647.191   508.893   384.937   433.494     676.995   217.913    524.596      389.579
44       462.906          269.367       528.282   374.886   412.322   492.746     931.755   207.422    434.856      462.993
45       468.579          298.505       704.283   512.172   420.730   223.833     700.931   152.190    698.556      550.991
46       571.285          188.926       639.602   359.699   338.202   410.486     714.902   119.645    555.237      578.600
47       268.712          371.077       717.377   660.575   263.135   381.197     633.825   286.839    540.943      386.781
48       709.376          316.783       757.384   521.024   456.705   198.679     879.765   107.016    564.809      344.485
49       372.615          100.346       603.747   334.839    96.514   468.282     390.180   269.913    304.939      561.304
50       638.152          449.627       555.334   430.270   274.559   461.399    1082.881    65.539    562.794      458.529
51       255.299          300.673         0.000   376.131   488.378   161.465     694.148   100.171    398.926      393.725
52       447.831          117.793       415.153   106.628   133.961   214.994     259.383    94.791    421.906      253.447
;

