sum{m in MAGAZYNY, w in WARZYWA} transport_do_sklepow_tyg[s,m,w,t] [*,*] (tr)
:  ArabicGroceryShop DobryWarzywniak  Krzesak Stoisko UAktora UCHLOPAKOW UKarolci UKermita UPanaWojtka VegitoWarzywa    :=
1         8.200            7.000        8.609   2.200   7.500    9.000     11.056   5.060      8.000       10.000
2         3.177            3.859       12.042   6.800   4.242    5.832      9.786   3.736      2.998        4.988
3         5.683            4.498        0.269   2.940   3.489    2.767      6.797   2.354      6.632        7.683
4         4.022            3.978        3.184   4.648   3.177    7.392      3.974   1.742      0.874        4.471
5         3.219            3.708       13.549   4.157   4.715    1.149      9.593   3.590      7.707        2.878
6         3.523            3.183        3.911   2.098   3.486    2.669      1.967   2.080      1.361        7.609
7         3.499            4.691        0.715   4.256   2.577    5.967      6.618   1.826      6.685        3.392
8         5.021            2.923        0.674   2.354   0.608    4.702     11.128   1.823      4.091        1.822
9         4.812            3.162        9.681   3.777   4.298    0.000      5.359   1.306      4.643        6.497
10        3.153            2.529        7.038   0.916   0.314    6.746      5.716   3.562      2.141        2.272
11        5.225            1.758        4.727   6.113   5.355    0.000      3.643   2.933      5.863        5.015
12        1.253            1.290        1.863   2.165   2.883    3.516      7.657   1.609      2.463        6.131
13        6.526            6.625        0.633   4.745   2.485    5.402      5.540   3.117      4.551        3.065
14        3.252            1.384       10.001   3.222   1.379    2.581      4.547   2.546      4.491        1.255
15        0.847            1.254        0.000   0.721   2.010    4.579      1.611   2.049      2.170        2.766
16        6.047            5.226       10.305   6.173   2.853    4.381      9.039   1.360      5.940        8.290
17        4.809            0.190        4.141   1.609   0.000    2.084      5.016   2.741      3.425        2.476
18        4.513            2.429        1.127   3.137   6.963    0.000      4.631   0.000      3.739        5.115
19        3.236            6.091        3.393   4.237   1.967    5.106      4.882   2.887      4.529        1.262
20        1.617            3.948        8.485   2.650   1.031    0.000      0.000   3.053      3.510        3.502
21        7.303            0.000        4.769   4.768   4.922    8.528      7.354   1.056      4.954        7.704
22        4.207            5.543        2.114   3.717   3.425    1.129     11.182   1.492      4.188        2.715
23        3.788            2.428        4.838   2.366   2.767    5.709      2.340   3.229      4.440        7.005
24        2.571            4.583        2.297   4.867   2.252    2.295     10.944   1.971      4.503        4.313
25        5.175            1.878       13.387   4.943   5.445    0.639      4.857   3.153      4.629        2.722
26        5.450            4.900        1.389   3.103   2.566    4.586      6.707   2.959      5.136        7.156
27        2.490            4.697        3.076   3.500   3.296    3.319      6.421   1.420      2.427        2.098
28        7.151            2.964        9.110   4.723   2.315    2.531      4.072   3.783      6.498        7.307
29        4.361            4.214        9.209   4.611   1.855    7.068      9.488   1.453      3.530        5.049
30        4.169            3.194        6.146   3.990   6.070    3.754      7.500   3.917      6.728        5.373
31        5.907            2.670        5.876   4.284   3.834    2.762      2.600   3.189      3.987        6.438
32        4.864            5.769        6.856   2.484   3.692    5.211     13.243   0.518      6.247        4.618
33        5.374            4.439        5.739   5.651   3.646    5.238      6.347   4.548      5.426        6.459
34        6.370            3.247        3.871   5.133   4.696    3.202      8.132   2.514      2.799        4.859
35        5.743            5.269        9.562   1.958   3.942    5.191      9.995   2.266      6.238        5.511
36        5.032            3.221        3.784   5.586   5.504    6.466      6.342   4.293      5.091        5.161
37        6.228            5.108        4.599   4.610   4.971    3.656      4.585   1.191      4.442        7.319
38        5.673            3.635       13.036   4.831   3.079    4.576     13.218   3.955      5.711        6.257
39        6.013            5.066        7.199   5.133   4.456    6.545      8.730   3.875      5.319        5.831
40        5.756            3.812        6.536   1.621   5.398    3.989      7.861   1.552      4.079        8.201
41        3.983            2.552        7.720   6.583   1.282    7.113      7.076   4.639      4.987        6.312
42        4.497            6.590        6.294   4.744   5.102    5.367      6.972   3.741      5.546        6.090
43        6.309            3.772        6.283   5.107   4.957    5.040      7.178   4.077      5.707        4.981
44        5.398            2.776        5.510   5.133   3.716    5.099      9.860   3.791      3.880        5.380
45        5.634            4.438        7.931   5.062   4.386    3.548      8.136   2.436      6.284        6.074
46        5.981            3.063        7.492   2.387   5.500    4.180      8.997   1.744      5.625        7.115
47        2.176            5.264        3.935   6.503   4.301    6.357      5.337   4.262      4.727        5.744
48        6.412            3.679        7.074   5.133   4.103    3.181      9.455   1.492      4.827        4.745
49        2.679            3.312        7.187   4.016   0.948    7.590      3.461   4.136      5.866        8.054
50        6.890            6.529        6.505   5.008   2.282    5.367     10.615   0.961      5.730        5.904
51        2.618            3.858        1.262   4.336   5.655    1.661      6.721   3.205      3.948        4.297
52        4.931            0.481        5.457   1.578   1.588    3.284      0.000   1.549      3.412        2.540
;

