sum{m in MAGAZYNY, w in WARZYWA} transport_do_sklepow_tyg[s,m,w,t]*koszt_transportu*dystans_sklep_magazyn[s,m] [*,*]
:  ArabicGroceryShop DobryWarzywniak   Krzesak    Stoisko   UAktora UCHLOPAKOW   UKarolci  UKermita UPanaWojtka VegitoWarzywa    :=
1        782.223          479.500       784.855   223.284   690.000   729.000    1017.182   328.888    816.000      825.000
2        294.787          264.341      1093.483   690.201   390.269   472.361     900.332   242.830    305.827      411.528
3        512.034          308.134        24.367   298.366   321.029   224.116     625.352   153.002    676.345      633.860
4        386.778          272.481       290.035   471.766   292.306   598.777     365.565   113.251     89.156      368.844
5        308.958          253.988      1229.234   421.963   444.601    93.035     882.511   233.328    782.895      237.432
6        317.026          218.009       353.954   212.995   320.735   216.224     180.980   135.171    138.772      627.736
7        342.909          321.299        66.103   431.954   237.064   483.297     608.827   118.710    681.852      279.875
8        482.975          200.236        62.310   238.909    55.903   380.868    1023.798   118.508    417.088      150.276
9        431.578          216.622       877.446   383.398   395.438     0.000     493.062    84.902    473.599      536.043
10       294.438          173.253       636.959    92.941    28.888   546.440     525.858   231.511    218.355      187.438
11       504.845          120.432       427.833   620.499   492.662     0.000     335.156   190.674    598.026      413.745
12       110.902           88.356       168.624   219.722   265.275   284.756     704.489   104.577    251.248      505.782
13       610.291          453.816        57.287   481.591   228.637   437.591     509.676   202.621    464.186      252.848
14       306.068           94.818       905.057   327.035   140.776   209.029     418.303   165.469    458.118      103.515
15        76.273           85.885         0.000    73.167   184.955   370.939     148.197   133.157    221.323      228.175
16       574.074          358.000       932.587   626.532   262.500   354.886     831.580    88.380    605.931      683.887
17       461.305           12.985       376.252   163.342     0.000   168.791     461.515   178.166    349.400      204.262
18       404.478          166.373       101.993   318.357   640.615     0.000     426.060     0.000    381.359      421.966
19       301.583          417.265       308.553   430.070   199.007   413.583     449.108   187.623    461.964      104.110
20       158.494          270.426       767.893   268.986    94.830     0.000       0.000   198.425    358.059      288.952
21       702.937            0.000       431.623   483.986   452.821   690.749     676.537    68.650    505.330      635.549
22       384.620          379.691       191.329   377.323   315.104    91.489    1028.746    96.989    427.133      224.010
23       346.988          166.348       438.899   240.176   265.426   462.404     215.259   209.913    452.930      577.907
24       237.054          313.938       207.898   493.992   222.507   185.887    1006.854   128.089    459.289      355.799
25       507.117          128.628      1211.551   501.754   500.905    51.747     446.841   204.973    472.119      224.593
26       492.464          335.637       128.521   314.907   236.054   371.505     617.050   192.347    523.874      590.356
27       243.809          321.772       278.339   355.287   303.233   268.834     590.714    92.300    247.551      173.076
28       676.928          203.063       824.455   479.336   212.997   205.047     374.588   245.881    662.760      602.822
29       419.212          288.687       833.448   468.046   170.635   572.506     872.858    94.462    360.039      416.527
30       375.613          218.796       556.247   404.985   558.401   304.081     689.977   254.621    684.398      443.232
31       566.958          182.887       543.530   434.798   352.732   223.725     239.211   207.273    406.694      531.161
32       455.023          395.148       620.490   252.108   339.697   422.057    1218.356    33.698    637.197      380.990
33       491.416          304.060       519.350   573.534   335.427   424.307     583.922   295.623    553.203      532.862
34       612.852          222.398       350.329   521.030   445.719   259.389     748.189   163.392    285.469      400.835
35       534.171          360.926       865.367   198.717   391.859   420.493     919.565   147.317    636.292      454.622
36       467.626          220.615       342.412   566.972   506.366   523.729     583.424   279.047    519.332      425.753
37       598.432          349.918       416.244   467.945   457.312   296.148     421.775    77.437    453.121      603.797
38       528.617          249.006      1179.734   490.375   283.277   370.667    1216.094   257.049    582.471      516.187
39       571.818          347.053       653.617   521.028   409.965   530.107     803.195   251.848    541.746      481.091
40       519.281          261.139       597.875   164.515   530.713   323.119     723.172   100.866    414.262      676.604
41       377.416          174.810       698.676   668.146   117.968   576.183     651.036   301.555    507.180      520.767
42       426.743          451.441       569.650   481.518   469.381   434.692     641.446   243.191    565.662      502.464
43       596.232          258.370       568.620   518.350   478.800   408.233     660.379   265.001    580.309      410.925
44       501.673          190.155       498.686   521.032   341.886   412.994     907.081   246.445    395.785      443.871
45       528.262          303.986       718.156   513.800   403.533   287.364     748.539   158.361    640.998      501.114
46       579.314          209.804       680.149   242.293   505.998   338.613     827.762   113.351    573.747      587.028
47       199.097          360.575       358.353   660.034   395.667   514.957     490.977   277.050    482.176      473.861
48       599.235          251.993       644.435   520.985   377.483   257.643     869.873    96.948    492.367      391.425
49       254.234          226.853       650.466   407.576    87.211   614.812     318.436   268.837    598.382      664.443
50       643.048          447.253       588.698   508.322   209.921   434.715     976.547    62.452    584.492      487.087
51       246.469          264.281       114.209   440.105   533.125   134.557     618.341   208.355    402.677      354.511
52       461.835           32.919       493.823   160.187   146.084   265.986       0.000   100.653    346.211      209.544
;

