transport_do_sklepow_tyg [*,Piaseczno,Buraki,*] (tr)
:  ArabicGroceryShop DobryWarzywniak Krzesak UKermita UPanaWojtka    :=
1         0.000            1.007       1.705   0.877      0.000
2         0.963            2.047       4.313   0.617      0.000
3         0.000            0.116       0.000   0.383      0.000
4         0.000            1.000       0.000   1.713      0.000
5         0.000            0.840       5.471   0.000      0.000
6         0.000            0.786       0.000   0.000      0.000
7         0.000            2.105       0.000   1.650      0.000
8         0.739            0.000       0.000   0.000      0.000
9         0.875            2.154       5.869   0.000      0.000
10        0.000            0.840       0.000   1.695      0.000
11        0.915            0.000       0.000   0.000      0.000
12        0.944            0.000       0.000   0.000      0.000
13        2.187            2.763       0.000   0.117      0.000
14        0.000            0.000       3.425   0.815      0.000
15        0.000            0.000       0.000   1.729      0.000
16        0.000            1.836       0.000   0.000      0.000
17        0.842            0.000       4.294   0.000      0.000
18        1.333            0.000       0.000   0.000      0.000
19        0.000            2.556       0.000   0.722      0.000
20        0.000            0.000       1.241   1.445      0.000
21        0.000            0.000       2.322   0.606      0.000
22        0.000            1.720       0.278   0.000      0.000
23        0.257            0.000       2.583   0.813      0.000
24        0.000            0.889       0.000   0.000      0.000
25        0.000            0.998       4.559   1.867      0.000
26        2.245            3.499       0.000   0.000      0.000
27        0.000            0.320       0.000   0.000      0.000
28        0.000            0.000       3.359   1.429      0.000
29        0.000            0.000       0.000   0.000      0.000
30        1.257            2.081       3.147   1.067      0.000
31        1.257            0.000       0.000   0.000      0.000
32        0.000            2.135       2.086   0.810      0.000
33        2.500            0.000       3.042   0.387      0.000
34        0.000            1.823       0.000   1.632      0.000
35        0.000            0.000       5.641   0.000      0.810
36        0.482            2.786       0.000   1.602      0.000
37        1.257            0.000       0.000   0.587      0.000
38        0.000            0.000       2.087   0.000      0.000
39        1.257            2.160       1.665   1.595      0.000
40        2.515            0.000       3.841   0.000      0.000
41        0.000            1.073       0.000   0.797      0.000
42        0.000            1.073       1.646   0.633      0.000
43        1.271            2.192       1.815   1.373      0.000
44        0.000            0.838       3.487   0.000      0.000
45        2.515            0.000       0.000   2.242      0.000
46        0.000            2.149       5.720   0.000      0.000
47        1.146            0.000       0.941   0.000      0.000
48        0.000            2.042       0.000   0.000      0.000
49        0.000            0.000       0.000   2.206      0.000
50        1.257            2.819       2.905   0.000      0.000
51        0.000            0.000       0.000   0.045      0.000
52        1.280            0.000       1.852   0.502      0.000

 [*,Piaseczno,Kapusta,*] (tr)
:  DobryWarzywniak Krzesak UKermita    :=
1        1.366       0.000   1.947
2        0.000       0.000   0.000
3        1.999       0.000   0.000
4        0.000       0.000   0.000
5        0.000       0.000   0.000
6        2.109       0.000   1.193
7        0.000       0.000   0.000
8        0.000       0.000   0.192
9        0.870       0.000   0.000
10       0.000       2.141   0.772
11       0.994       0.000   0.000
12       0.000       0.000   0.000
13       0.946       0.921   1.287
14       0.000       3.550   0.000
15       1.392       0.000   0.000
16       0.000       0.000   1.794
17       0.085       0.000   0.000
18       0.983       0.000   0.000
19       0.000       0.000   0.000
20       0.511       2.713   0.000
21       0.625       0.000   1.170
22       1.696       0.000   0.000
23       0.000       1.675   0.000
24       0.000       0.000   0.745
25       0.609       1.834   0.000
26       1.199       0.000   1.579
27       0.000       1.143   0.000
28       2.151       2.991   0.000
29       0.000       0.000   0.040
30       0.000       0.000   0.722
31       1.563       0.000   0.840
32       0.000       4.349   0.009
33       1.830       0.000   0.000
34       0.000       0.000   0.694
35       0.000       0.000   1.019
36       0.529       0.000   0.000
37       1.046       2.261   0.720
38       1.050       0.000   0.735
39       0.000       0.000   1.110
40       1.141       0.000   0.000
41       0.580       0.000   0.413
42       0.924       0.000   0.515
43       0.935       3.342   0.735
44       2.221       0.000   0.000
45       0.000       0.000   0.258
46       0.000       0.000   0.902
47       2.177       0.000   0.000
48       0.000       0.000   0.372
49       0.000       0.000   0.906
50       1.177       2.004   0.000
51       0.044       0.000   0.620
52       0.624       0.000   0.312

 [*,Piaseczno,Marchew,*] (tr)
:  DobryWarzywniak Krzesak UKermita    :=
1        1.729       3.704   0.897
2        1.491       0.000   0.525
3        0.000       0.401   0.829
4        2.492       2.880   0.000
5        0.000       0.000   0.636
6        0.000       6.003   1.264
7        1.546       0.000   0.000
8        1.334       0.000   0.000
9        0.000       0.657   0.727
10       2.147       0.000   0.550
11       0.000       0.000   2.413
12       0.000       2.394   0.000
13       1.945       0.000   0.000
14       0.000       4.547   0.000
15       0.000       0.000   0.000
16       1.447       0.000   0.560
17       0.000       0.000   1.463
18       0.790       1.097   0.000
19       2.622       1.168   0.000
20       0.000       5.086   1.296
21       0.666       0.000   0.000
22       0.000       0.000   0.625
23       2.195       0.000   2.115
24       0.000       2.313   0.000
25       0.115       0.000   0.000
26       0.787       0.000   0.000
27       0.903       1.644   1.210
28       0.875       3.166   0.000
29       2.285       0.000   0.941
30       1.167       3.046   0.000
31       0.000       0.000   0.646
32       2.269       1.758   0.929
33       0.425       4.657   1.295
34       0.000       0.000   0.000
35       2.873       0.000   0.903
36       0.000       3.349   0.559
37       0.000       0.000   0.932
38       1.979       2.020   0.889
39       0.000       5.284   0.842
40       2.385       0.000   0.907
41       0.000       5.916   0.760
42       2.666       0.000   0.609
43       0.000       1.331   0.480
44       0.609       0.000   2.094
45       0.956       0.000   0.000
46       1.240       0.000   0.000
47       1.585       1.436   1.114
48       0.461       5.583   0.000
49       1.177       0.000   0.585
50       1.037       0.000   0.627
51       1.591       0.000   0.926
52       0.000       1.719   0.434

 [*,Piaseczno,Ziemniaki,*] (tr)
:  DobryWarzywniak Krzesak UKermita    :=
1        2.898       2.205   1.165
2        0.000       5.873   2.351
3        2.334       0.000   0.000
4        0.599       0.000   0.000
5        2.190       5.665   2.327
6        0.000       0.000   0.000
7        1.444       0.000   0.000
8        2.705       2.912   0.000
9        1.827       0.000   1.670
10       0.000       5.614   0.000
11       0.000       3.484   0.991
12       1.121       0.000   1.122
13       1.018       0.000   0.000
14       1.752       0.000   1.687
15       0.000       0.000   0.486
16       1.978       8.863   0.000
17       0.000       0.000   1.165
18       1.102       0.000   0.000
19       1.048       2.783   2.685
20       2.214       0.000   0.000
21       0.000       4.154   0.000
22       2.191       0.000   1.524
23       0.000       0.000   0.000
24       3.660       0.000   0.491
25       0.000       7.019   1.317
26       0.000       0.000   0.658
27       2.136       1.339   0.566
28       0.393       0.000   1.924
29       1.702       9.411   0.000
30       1.398       0.000   2.809
31       1.863       0.000   0.000
32       1.401       1.427   0.000
33       1.345       0.000   2.282
34       0.949       2.235   0.000
35       2.010       4.156   0.929
36       0.612       1.287   2.266
37       2.628       2.006   0.000
38       0.000       8.981   2.397
39       2.541       0.000   0.000
40       1.068       0.000   1.333
41       1.681       1.112   2.765
42       1.863       5.500   1.433
43       1.920       0.000   0.000
44       1.226       1.065   0.000
45       2.975       7.870   0.039
46       0.362       0.000   1.307
47       1.651       0.888   2.463
48       2.184       0.000   0.000
49       0.700       6.197   0.000
50       1.514       0.000   0.901
51       2.318       0.000   1.979
52       0.000       2.363   0.000

 [*,Pruszkow,Buraki,*] (tr)
:  ArabicGroceryShop UAktora UCHLOPAKOW UPanaWojtka    :=
1         1.383        3.175    1.077       0.000
2         0.278        0.000    2.396       0.000
3         1.259        0.000    0.000       0.000
4         1.012        0.000    2.857       0.000
5         0.967        1.448    0.000       1.922
6         2.493        0.000    0.582       0.000
7         0.000        2.003    2.300       0.000
8         0.000        0.000    0.000       0.000
9         0.000        0.000    0.000       0.000
10        1.164        0.796    2.577       0.000
11        0.000        4.019    0.000       0.000
12        0.000        0.000    0.000       0.000
13        0.000        0.000    3.905       0.000
14        0.000        1.212    0.000       0.000
15        1.821        0.000    0.000       0.000
16        0.000        0.000    0.000       0.000
17        0.000        0.000    1.727       0.000
18        0.000        0.528    0.215       0.000
19        1.505        0.817    1.846       0.086
20        0.000        0.858    0.000       0.000
21        0.871        0.974    0.909       0.000
22        2.085        1.218    0.712       0.000
23        0.000        0.000    4.123       0.000
24        2.242        1.708    0.000       0.000
25        0.000        0.000    0.000       0.000
26        0.000        1.189    0.000       0.000
27        0.000        0.848    1.195       0.000
28        2.020        1.894    1.046       0.000
29        0.495        0.000    1.855       0.000
30        0.000        1.683    0.000       1.005
31        0.000        0.000    3.637       0.000
32        1.257        2.398    0.000       0.000
33        0.000        1.100    0.000       0.000
34        0.000        0.000    1.212       0.000
35        2.033        1.150    1.176       0.000
36        0.000        1.150    2.596       0.000
37        0.000        2.444    0.000       0.000
38        1.257        0.346    1.033       0.322
39        0.000        0.000    3.687       1.227
40        0.000        1.051    0.000       0.000
41        0.000        2.468    0.000       0.000
42        1.109        0.000    1.136       0.000
43        0.000        0.383    2.235       1.227
44        1.257        1.150    2.447       0.000
45        0.000        3.332    0.000       0.000
46        0.000        0.000    0.000       0.000
47        0.000        0.115    1.380       0.000
48        1.415        0.638    1.263       0.000
49        1.110        0.903    2.430       0.000
50        0.000        1.177    0.000       0.000
51        1.005        1.959    1.289       0.000
52        0.000        0.000    1.101       0.233

 [*,Pruszkow,Kapusta,*] (tr)
:  Krzesak UAktora UCHLOPAKOW    :=
1    2.948   1.019    1.442
2    0.000   0.000    0.000
3    0.000   2.140    0.811
4    0.953   0.000    1.677
5    1.839   0.000    0.000
6    0.000   0.000    0.542
7    0.814   0.000    0.411
8    0.746   0.000    2.713
9    0.668   0.000    0.000
10   0.000   0.533    0.000
11   0.000   0.719    0.000
12   0.000   0.000    0.000
13   0.000   0.000    1.740
14   0.000   0.000    0.000
15   0.000   0.000    0.000
16   0.000   1.134    2.161
17   0.378   0.000    0.000
18   0.000   0.000    0.000
19   0.795   0.000    1.050
20   0.000   0.000    0.000
21   0.000   0.662    1.029
22   0.000   0.775    0.000
23   0.000   0.000    1.336
24   0.000   0.000    0.000
25   0.000   0.000    2.102
26   0.000   1.317    0.000
27   0.000   0.000    0.000
28   0.000   1.279    1.363
29   0.000   0.000    0.000
30   0.000   0.677    1.276
31   2.434   2.191    0.000
32   0.000   0.000    0.726
33   0.328   0.000    2.073
34   0.000   0.000    0.514
35   0.000   0.000    0.000
36   0.000   0.000    2.489
37   0.000   0.531    0.000
38   0.000   1.358    0.000
39   1.126   0.000    0.732
40   2.861   1.742    1.709
41   0.000   0.000    0.000
42   0.668   0.000    1.547
43   0.000   0.000    1.487
44   0.000   1.475    0.000
45   0.000   0.000    0.000
46   1.280   0.733    0.834
47   0.968   2.466    2.372
48   3.044   0.000    0.000
49   0.000   0.000    0.577
50   0.000   0.000    0.599
51   0.000   0.000    0.839
52   0.000   0.564    0.682

 [*,Pruszkow,Marchew,*] (tr)
:  ArabicGroceryShop Krzesak UAktora UCHLOPAKOW UPanaWojtka    :=
1         1.563        0.000   1.019    1.054       0.000
2         1.080        0.201   1.964    2.213       0.000
3         3.585        0.000   0.000    0.000       0.000
4         0.000        0.000   0.000    2.453       0.000
5         0.000        0.000   2.518    0.000       0.000
6         1.628        0.000   0.000    1.406       0.000
7         0.000        0.000   0.000    0.000       0.000
8         0.965        0.000   0.000    2.266       0.000
9         3.269        0.000   2.571    0.000       0.000
10        1.106        0.000   0.000    1.841       0.000
11        0.000        0.000   0.000    0.000       0.000
12        0.000        0.000   1.883    0.680       0.000
13        0.000        0.000   0.000    0.000       0.000
14        2.119        0.000   0.000    0.871       0.000
15        0.000        0.000   1.925    4.671       0.000
16        1.629        0.000   0.000    0.000       0.000
17        0.000        0.000   0.000    0.000       0.000
18        3.530        0.000   1.844    0.734       0.000
19        0.000        0.000   0.305    0.000       0.000
20        0.000        0.000   0.000    0.000       0.000
21        0.000        0.000   3.619    2.281       0.000
22        1.426        0.000   1.103    0.000       0.000
23        3.100        0.000   0.000    0.064       0.000
24        0.000        0.000   0.000    2.125       0.000
25        0.000        0.000   0.000    0.000       0.000
26        1.549        1.541   0.000    3.898       0.000
27        0.584        0.000   1.771    0.000       0.000
28        1.342        0.000   0.000    0.000       0.000
29        1.162        0.000   1.700    0.000       0.000
30        2.730        0.000   0.000    1.819       0.000
31        0.000        0.000   1.799    0.000       0.000
32        1.432        0.000   0.000    3.930       0.000
33        1.182        0.000   1.834    0.000       0.000
34        1.410        0.000   0.740    0.000       0.000
35        1.424        0.000   1.296    2.293       0.000
36        2.655        0.000   2.792    0.000       0.000
37        0.000        0.000   0.000    2.070       0.000
38        2.247        0.000   1.243    0.000       0.000
39        0.601        0.000   0.000    2.276       0.000
40        2.051        0.000   1.041    0.000       0.545
41        2.855        0.000   0.735    1.122       0.000
42        0.319        0.000   4.152    2.082       0.000
43        0.000        0.000   0.000    0.000       0.000
44        3.000        0.000   0.000    1.929       0.000
45        0.000        0.881   0.078    0.000       0.000
46        0.819        0.000   1.013    4.074       0.000
47        1.124        0.000   1.056    0.000       0.000
48        1.299        0.000   2.587    0.000       0.000
49        1.435        0.000   0.000    1.586       0.000
50        2.124        0.000   0.000    2.325       0.000
51        0.000        0.000   1.680    0.000       0.000
52        1.355        0.000   0.000    0.800       0.000

 [*,Pruszkow,Ziemniaki,*] (tr)
:  UAktora UCHLOPAKOW    :=
1    1.408    4.631
2    2.736    0.000
3    0.000    0.000
4    0.886    1.268
5    0.000    1.935
6    2.637    1.181
7    0.000    2.928
8    0.000    0.000
9    3.290    0.000
10   0.312    1.916
11   0.000    0.000
12   1.523    3.615
13   2.358    0.000
14   0.000    1.611
15   0.055    0.000
16   1.508    1.495
17   0.000    2.642
18   4.448    0.000
19   0.000    2.400
20   0.000    0.000
21   0.389    4.486
22   0.000    0.000
23   2.257    0.000
24   0.000    1.471
25   4.172    0.551
26   0.000    1.083
27   2.089    2.955
28   0.000    0.000
29   0.000    5.083
30   3.593    0.377
31   0.000    0.000
32   0.133    0.000
33   1.918    2.217
34   3.700    1.567
35   0.000    3.622
36   2.018    0.000
37   2.488    1.257
38   0.000    3.538
39   4.534    0.000
40   0.000    1.543
41   0.000    5.351
42   0.254    0.000
43   1.538    0.809
44   1.830    0.000
45   1.691    3.239
46   3.089    0.000
47   0.000    2.021
48   1.961    1.600
49   0.000    3.316
50   1.574    3.400
51   1.364    0.000
52   1.129    0.000

 [*,Zielonka,Buraki,*] (tr)
:  Stoisko UKarolci UPanaWojtka VegitoWarzywa    :=
1    1.181   5.665      2.852        2.620
2    2.624   0.000      0.000        0.000
3    0.365   0.000      1.691        3.716
4    0.000   1.707      0.000        0.000
5    0.997   3.080      0.000        0.000
6    1.082   0.000      0.000        1.296
7    3.556   3.411      1.116        2.382
8    0.000   0.000      4.110        0.000
9    0.000   1.463      0.000        3.919
10   0.005   2.922      0.404        0.271
11   1.370   0.000      0.000        0.000
12   0.000   7.331      0.678        0.000
13   0.637   0.000      0.843        3.297
14   1.926   0.000      3.340        0.000
15   0.000   0.000      0.000        0.000
16   0.523   0.000      0.000        2.085
17   2.182   0.529      1.059        0.000
18   0.000   4.342      2.383        1.223
19   1.335   0.000      0.000        1.229
20   0.000   0.000      0.771        1.044
21   2.155   1.629      1.812        5.076
22   1.569   5.256      0.000        0.000
23   0.000   0.000      1.621        0.000
24   0.000   0.000      1.650        0.000
25   1.098   1.187      0.000        1.299
26   3.220   5.639      2.453        3.011
27   0.000   0.000      0.000        0.914
28   0.000   0.000      1.908        0.000
29   1.945   0.819      0.546        2.792
30   0.000   2.864      0.000        0.000
31   0.973   1.383      2.473        2.302
32   1.082   3.964      0.000        3.580
33   1.507   0.000      2.870        0.128
34   0.924   3.839      0.000        0.000
35   1.293   0.000      0.000        1.545
36   0.000   2.074      3.176        1.533
37   2.652   2.154      0.000        1.533
38   0.000   2.147      0.000        1.296
39   1.245   2.147      0.000        1.555
40   0.398   5.647      3.623        1.501
41   1.880   0.000      0.000        1.536
42   0.000   0.000      0.000        3.026
43   1.073   2.147      0.000        0.000
44   3.125   7.771      1.227        1.028
45   0.000   0.000      1.227        2.880
46   0.000   0.000      1.227        0.000
47   0.590   2.100      2.453        2.780
48   2.147   0.000      0.000        0.000
49   0.000   2.070      1.227        2.614
50   0.865   5.693      3.256        0.000
51   1.941   0.000      0.000        1.114
52   0.000   0.000      0.000        1.432

 [*,Zielonka,Kapusta,*] (tr)
:  ArabicGroceryShop Stoisko UAktora UKarolci UPanaWojtka VegitoWarzywa    :=
1         1.062        0.742   0.000   1.529      0.898        1.710
2         1.692        0.922   0.000   4.146      0.764        0.000
3         0.000        1.199   0.000   0.000      1.294        2.509
4         3.008        0.000   0.000   0.000      0.000        0.000
5         0.000        0.634   1.119   0.000      1.239        0.000
6         0.000        1.948   0.000   0.872      0.000        0.775
7         0.955        0.000   0.000   2.161      1.354        0.853
8         0.000        0.000   0.000   0.000      0.137        0.636
9         0.000        1.556   0.000   3.316      0.780        0.685
10        0.793        0.000   0.000   1.302      0.629        1.485
11        1.932        0.000   0.000   0.000      1.712        0.000
12        0.000        2.142   0.737   0.000      0.000        2.050
13        0.000        0.000   0.000   0.035      0.000        0.000
14        1.139        0.000   1.094   0.709      0.743        0.000
15        0.000        0.000   0.000   1.906      1.447        1.402
16        0.656        1.280   0.000   0.000      0.000        0.000
17        1.129        0.000   0.000   1.586      0.684        1.558
18        0.000        0.000   0.000   0.000      0.810        0.000
19        1.195        0.691   1.080   2.861      1.363        0.536
20        0.000        2.628   0.000   0.000      0.000        1.597
21        2.885        0.000   0.000   0.000      0.605        0.000
22        0.000        0.000   0.000   2.000      3.402        0.671
23        0.000        0.015   0.000   0.000      0.000        2.526
24        0.051        0.470   1.092   1.004      0.000        0.000
25        0.738        1.645   0.000   3.141      0.000        0.000
26        0.616        0.000   0.000   0.000      1.513        0.788
27        0.911        0.575   0.000   0.000      0.628        1.736
28        2.287        1.242   0.000   2.258      0.000        0.000
29        0.000        0.832   0.000   0.000      1.846        1.854
30        0.985        0.000   0.000   2.730      0.000        0.000
31        0.353        1.917   0.000   0.000      0.652        2.112
32        1.048        0.000   0.000   1.255      2.119        0.000
33        0.804        0.000   0.000   3.702      0.000        1.158
34        0.988        1.326   0.860   0.000      0.925        2.953
35        1.950        0.000   1.870   0.000      0.926        0.000
36        0.000        0.656   0.000   2.804      0.918        0.000
37        3.028        0.901   0.000   0.000      0.657        1.228
38        0.000        0.674   0.000   3.978      2.172        0.828
39        0.046        1.608   0.000   0.000      0.000        2.184
40        0.960        0.000   0.025   0.000      0.732        0.000
41        0.933        1.184   0.000   4.747      0.881        1.026
42        0.694        0.000   0.000   0.708      1.018        1.918
43        2.716        0.789   0.986   0.000      2.620        0.000
44        0.000        1.058   0.000   0.000      0.000        0.776
45        0.331        0.000   0.000   2.991      0.425        1.984
46        0.809        0.604   0.000   0.000      0.739        0.000
47        0.721        0.909   0.000   0.758      0.924        0.767
48        0.930        0.565   0.000   2.773      1.959        1.843
49        1.888        2.124   0.000   0.000      0.000        0.000
50        0.000        0.000   0.000   1.245      1.506        0.806
51        0.609        0.000   0.628   2.379      0.000        1.637
52        0.968        0.566   0.000   0.000      0.795        0.000

 [*,Zielonka,Marchew,*] (tr)
:  Stoisko UKarolci UPanaWojtka VegitoWarzywa    :=
1    1.099   2.310      2.398        1.151
2    1.235   3.402      0.000        1.341
3    0.966   4.904      1.886        1.334
4    2.868   0.000      0.000        1.236
5    0.000   0.000      3.528        3.447
6    0.000   0.000      0.000        0.000
7    0.848   0.786      0.349        0.000
8    0.833   6.410      0.000        0.971
9    0.960   1.744      2.070        2.062
10   0.707   0.000      0.000        0.000
11   1.871   0.000      3.207        1.047
12   0.000   0.000      0.000        3.810
13   0.000   0.000      0.000        0.000
14   0.770   3.954      1.235        0.000
15   0.971   0.000      0.000        0.017
16   1.724   0.000      4.201        1.165
17   0.000   4.170      0.000        0.841
18   0.000   0.000      0.476        4.539
19   0.942   0.866      0.000        0.000
20   1.230   0.000      0.599        0.000
21   1.094   1.521      1.755        0.000
22   1.681   4.296      0.000        0.942
23   0.000   0.000      1.875        1.451
24   2.900   0.000      0.000        4.669
25   0.000   1.727      2.693        0.000
26   0.000   1.440      0.000        0.000
27   2.335   1.467      1.275        0.000
28   0.000   1.398      2.784        3.850
29   1.643   1.965      0.000        0.000
30   0.000   1.815      2.308        3.056
31   1.200   1.980      0.000        0.000
32   0.884   1.756      1.388        0.000
33   3.467   1.944      1.387        1.675
34   0.000   1.582      1.387        3.257
35   0.000   5.875      2.762        0.000
36   0.914   0.000      0.000        1.091
37   0.577   0.000      0.885        4.137
38   0.921   3.609      1.936        0.000
39   1.240   0.794      0.883        0.639
40   1.170   1.826      0.508        4.387
41   1.752   1.459      2.393        0.000
42   0.000   3.814      0.254        1.377
43   2.097   2.271      1.387        0.000
44   0.000   0.000      1.198        2.402
45   0.590   1.653      1.183        0.000
46   0.871   2.029      2.953        1.728
47   3.198   3.705      0.582        2.362
48   0.000   0.000      0.632        0.000
49   0.088   1.895      1.298        3.724
50   0.992   3.731      1.119        0.000
51   1.663   1.606      2.169        0.000
52   0.000   0.000      0.000        1.265

 [*,Zielonka,Ziemniaki,*] (tr)
:  ArabicGroceryShop Stoisko UKarolci UPanaWojtka VegitoWarzywa    :=
1         4.191        1.485   3.238      1.852        1.576
2         0.000        1.809   2.291      1.592        3.832
3         1.646        1.304   2.041      1.405        0.000
4         1.395        2.269   2.281      1.167        3.134
5         2.846        1.766   5.540      0.962        0.000
6         0.000        0.809   0.848      1.634        5.009
7         1.324        0.125   0.000      2.993        1.782
8         4.533        2.129   4.200      0.000        0.000
9         0.000        1.612   0.000      1.791        0.968
10        0.000        0.000   1.709      2.526        0.000
11        1.986        1.800   3.772      0.000        4.306
12        0.000        0.000   0.000      0.834        0.000
13        3.975        3.679   5.139      2.653        0.000
14        0.000        0.000   0.000      0.000        1.422
15        0.000        0.000   0.000      1.328        1.309
16        4.445        2.833   8.615      1.484        5.602
17        0.350        0.000   0.000      1.358        0.000
18        0.000        2.442   0.000      1.724        0.000
19        0.000        0.000   0.723      3.533        0.260
20        1.290        0.018   0.000      2.961        1.313
21        3.191        1.470   3.917      0.000        2.213
22        0.000        1.112   0.000      0.149        1.176
23        1.389        1.245   2.185      0.000        3.008
24        1.415        0.983   8.699      2.302        0.294
25        4.795        1.754   0.000      1.097        1.815
26        0.000        1.331   0.000      1.583        3.317
27        0.000        1.411   4.569      1.794        0.000
28        1.736        2.910   0.000      1.873        3.452
29        3.886        0.000   5.457      1.986        0.000
30        0.000        3.906   0.000      3.184        1.986
31        4.222        0.000   0.000      0.000        1.986
32        1.457        0.396   6.181      2.722        2.348
33        0.000        1.049   0.000      1.610        3.577
34        3.853        0.997   1.285      1.955        0.448
35        0.160        1.721   4.034      2.533        3.823
36        1.647        3.185   1.245      1.369        2.863
37        2.033        0.000   2.927      1.278        0.000
38        2.077        3.335   3.402      2.247        4.806
39        3.844        0.000   6.580      3.736        0.000
40        0.487        1.557   0.871      0.460        1.448
41        1.950        0.989   0.000      1.261        3.861
42        1.377        3.869   3.064      3.841        0.000
43        2.322        0.153   3.069      0.448        4.048
44        1.756        0.303   2.447      1.571        0.000
45        2.245        2.074   2.769      3.926        1.646
46        4.385        0.000   4.814      0.000        5.065
47        0.000        1.456   0.000      1.908        0.769
48        2.971        1.544   6.323      2.880        0.000
49        0.000        1.799   0.000      2.757        1.986
50        3.412        3.416   1.823      0.000        5.016
51        0.000        0.000   3.540      1.421        0.000
52        1.535        0.282   1.312      1.563        0.000
;

