sum{m in MAGAZYNY, w in WARZYWA} transport_do_sklepow_tyg[s,m,w,t]*koszt_transportu*dystans_sklep_magazyn[s,m] [*,*]
:  ArabicGroceryShop DobryWarzywniak   Krzesak    Stoisko   UAktora UCHLOPAKOW   UKarolci  UKermita UPanaWojtka VegitoWarzywa    :=
1        780.028          479.500       961.713   457.384   609.109   664.491    1172.270   317.644    816.000      582.232
2        373.211          242.351       940.427   668.920   432.348   373.287     905.143   227.080    240.293      426.801
3        597.188          304.710        36.325   389.163   196.837    65.701     638.913    78.772    640.147      623.657
4        522.616          280.221       348.728   521.478    81.505   668.637     366.875   111.324    119.068      360.509
5        365.963          207.551      1177.906   344.777   488.000   156.719     793.024   192.587    777.396      284.371
6        370.905          198.283       543.300   389.581   242.567   300.623     158.273   159.680    166.694      584.070
7        223.349          349.003        75.268   459.731   184.293   456.741     584.968   107.247    592.885      413.868
8        596.436          276.670       332.599   300.591     0.000   403.317     976.165    12.463    433.168      132.552
9        371.665          332.335       652.469   418.936   539.221     0.000     600.064   155.772    473.274      629.803
10       282.037          204.622       701.844    72.268   151.028   513.129     545.806   196.068    363.018      144.934
11       465.011           68.104       315.288   511.656   435.963     0.000     347.015   221.308    501.703      441.551
12        83.536           76.756       216.684   217.436   394.478   347.903     674.448    72.937    154.261      483.431
13       583.123          456.989        83.393   438.094   216.912   457.243     476.014    91.248    356.545      272.025
14       302.321          120.003      1042.709   273.633   231.848   200.986     428.942   162.662    542.449      117.352
15       163.898           95.348         0.000    98.511   182.142   378.370     175.316   143.981    283.034      225.127
16       646.566          360.434       802.056   645.596   243.083   296.101     792.541   153.014    579.957      730.247
17       219.509            5.791       423.557   221.494     0.000   353.836     578.150   170.783    316.369      197.869
18       435.611          196.907        99.256   247.851   627.429    76.868     399.495     0.000    550.084      475.329
19       252.570          426.527       431.150   301.201   221.991   429.013     409.339   221.421    508.063      167.120
20       126.451          186.623       818.122   393.424    78.931     0.000       0.000   178.173    441.821      326.154
21       673.774           88.412       586.067   479.008   519.216   705.087     650.126   115.486    425.573      601.366
22       316.002          384.102        25.201   442.828   284.931    57.710    1062.815   139.729    362.211      230.137
23       437.834          150.353       385.372   127.849   207.612   447.385     201.031   190.301    356.601      576.249
24       345.457          311.614       209.351   441.896   277.251   291.267     892.687    80.346    403.099      409.489
25       542.322          117.970      1213.862   456.437   383.816   214.929     557.025   206.945    386.491      256.957
26       398.458          375.726       142.542   461.945   230.541   403.459     651.250   145.380    566.034      586.974
27       141.832          230.071       373.483   438.576   433.212   336.132     555.321   115.451    377.116      218.656
28       696.819          234.203       861.141   421.427   291.940   195.107     336.335   217.941    669.606      602.439
29       529.892          273.082       851.727   448.606   156.361   562.031     758.177    63.763    446.525      383.289
30       453.486          318.233       560.474   396.482   547.692   281.188     681.570   298.833    661.231      415.966
31       559.638          234.691       225.173   415.124   367.147   294.611     309.382    96.602    318.800      527.960
32       487.485          397.661       870.582   239.831   232.896   377.096    1210.416   113.612    635.409      489.089
33       406.355          246.611       727.058   611.305   446.363   347.496     519.432   257.661    598.396      539.339
34       601.271          189.925       202.296   329.554   503.042   266.644     616.951   151.210    435.202      549.313
35       517.921          334.450       886.644   305.934   430.719   574.427     911.613   185.350    714.725      442.842
36       443.050          269.022       419.552   482.585   548.300   411.886     563.305   287.795    557.212      452.661
37       607.242          251.624       386.145   419.174   502.533   269.483     467.407   145.572    287.574      569.080
38       518.969          207.452      1184.549   500.469   271.117   370.294    1208.443   261.388    680.578      571.633
39       546.612          322.015       733.018   415.514   417.145   542.267     875.850   230.499    594.321      361.222
40       548.920          314.665       612.227   317.249   355.416   263.371     767.683   145.583    597.581      605.237
41       539.567          228.399       636.065   589.247   294.753   524.337     570.978   307.791    462.617      529.889
42       331.523          447.112       708.416   392.736   405.413   385.971     697.999   207.405    521.555      521.454
43       606.271          345.737       587.149   417.386   285.154   367.020     688.812   168.191    577.593      333.966
44       555.247          335.198       412.035   455.310   409.935   354.493     940.126   136.104    407.548      346.959
45       474.988          269.311       793.738   270.416   469.328   262.387     681.907   164.994    689.499      537.134
46       582.741          256.962       636.093   149.717   444.796   397.564     629.575   143.592    501.709      560.452
47       273.266          370.816       385.103   624.614   334.572   467.551     603.887   232.524    598.400      550.977
48       626.595          321.094       786.901   432.030   477.081   231.895     836.787    24.159    557.954      152.008
49       414.045          128.594       560.822   407.039    83.081   640.589     364.785   240.306    538.750      686.741
50       636.861          448.579       444.260   535.264   253.089   512.282    1149.275    99.324    599.891      480.266
51       150.053          270.795         0.000   365.742   529.306   172.374     692.329   232.077    366.225      226.977
52       480.552           42.767       537.035    86.063   155.759   209.199     120.679    81.109    263.919      222.526
;

