sum{m in MAGAZYNY, w in WARZYWA} transport_do_sklepow_tyg[s,m,w,t] [*,*]
:  ArabicGroceryShop DobryWarzywniak  Krzesak Stoisko UAktora UCHLOPAKOW UKarolci UKermita UPanaWojtka VegitoWarzywa    :=
1         8.200            7.000       10.562   4.506   6.621    8.204     12.742   4.887      8.000        7.057
2         4.012            3.538       10.387   6.590   4.699    4.608      9.839   3.494      2.356        5.173
3         6.489            4.448        0.401   3.834   2.140    0.811      6.945   1.212      6.276        7.559
4         5.415            4.091        3.832   5.138   0.886    8.255      3.988   1.713      1.167        4.370
5         3.813            3.030       12.975   3.397   5.085    1.935      8.620   2.963      7.650        3.447
6         4.121            2.895        6.003   3.838   2.637    3.711      1.720   2.457      1.634        7.080
7         2.279            5.095        0.814   4.529   2.003    5.639      6.358   1.650      5.813        5.017
8         6.236            4.039        3.659   2.961   0.000    4.979     10.610   0.192      4.247        1.607
9         4.144            4.852        7.195   4.127   5.861    0.000      6.522   2.396      4.640        7.634
10        3.063            2.987        7.755   0.712   1.642    6.335      5.933   3.016      3.559        1.757
11        4.834            0.994        3.484   5.041   4.739    0.000      3.772   3.405      4.919        5.352
12        0.944            1.121        2.394   2.142   4.144    4.295      7.331   1.122      1.512        5.860
13        6.162            6.671        0.921   4.316   2.358    5.645      5.174   1.404      3.496        3.297
14        3.258            1.752       11.522   2.696   2.306    2.481      4.662   2.502      5.318        1.422
15        1.821            1.392        0.000   0.971   1.980    4.671      1.906   2.215      2.775        2.729
16        6.731            5.262        8.863   6.361   2.642    3.656      8.615   2.354      5.686        8.851
17        2.322            0.085        4.672   2.182   0.000    4.368      6.284   2.627      3.102        2.398
18        4.862            2.875        1.097   2.442   6.820    0.949      4.342   0.000      5.393        5.762
19        2.700            6.227        4.747   2.968   2.202    5.296      4.449   3.406      4.982        2.026
20        1.290            2.724        9.040   3.876   0.858    0.000      0.000   2.741      4.332        3.953
21        6.946            1.291        6.476   4.719   5.644    8.705      7.067   1.777      4.172        7.289
22        3.511            5.607        0.278   4.363   3.097    0.712     11.552   2.150      3.551        2.790
23        4.746            2.195        4.258   1.260   2.257    5.523      2.185   2.928      3.496        6.985
24        3.708            4.549        2.313   4.354   2.800    3.596      9.703   1.236      3.952        4.964
25        5.534            1.722       13.413   4.497   4.172    2.653      6.055   3.184      3.789        3.115
26        4.410            5.485        1.541   4.551   2.506    4.981      7.079   2.237      5.549        7.115
27        1.495            3.359        4.127   4.321   4.709    4.150      6.036   1.776      3.697        2.650
28        7.385            3.419        9.515   4.152   3.173    2.409      3.656   3.353      6.565        7.302
29        5.542            3.987        9.411   4.420   1.700    6.939      8.241   0.981      4.378        4.646
30        4.972            4.646        6.193   3.906   5.953    3.471      7.408   4.597      6.497        5.042
31        5.832            3.426        2.434   4.090   3.991    3.637      3.363   1.486      3.125        6.400
32        5.194            5.805        9.620   2.363   2.531    4.656     13.157   1.748      6.229        5.928
33        4.485            3.600        8.027   6.023   4.852    4.290      5.646   3.964      5.867        6.537
34        6.251            2.773        2.235   3.247   5.300    3.292      6.706   2.326      4.267        6.658
35        5.567            4.882        9.797   3.014   4.316    7.092      9.909   2.852      7.031        5.368
36        4.784            3.927        4.636   4.755   5.960    5.085      6.123   4.428      5.463        5.487
37        6.318            3.673        4.267   4.130   5.462    3.327      5.081   2.240      2.819        6.898
38        5.582            3.029       13.089   4.931   2.947    4.572     13.135   4.021      6.677        6.929
39        5.749            4.701        8.075   4.094   4.534    6.695      9.520   3.546      5.845        4.378
40        6.012            4.594        6.702   3.126   3.858    3.251      8.344   2.240      5.867        7.336
41        5.739            3.334        7.028   5.805   3.204    6.473      6.206   4.735      4.535        6.423
42        3.500            6.527        7.813   3.869   4.407    4.765      7.587   3.191      5.113        6.321
43        6.310            5.047        6.488   4.112   2.907    4.531      7.487   2.588      5.681        4.048
44        6.013            4.893        4.553   4.486   4.456    4.376     10.219   2.094      3.996        4.206
45        5.091            3.932        8.751   2.664   5.101    3.239      7.412   2.538      6.760        6.511
46        6.013            3.751        7.000   1.475   4.835    4.908      6.843   2.209      4.919        6.793
47        2.991            5.413        4.234   6.154   3.637    5.772      6.564   3.577      5.867        6.679
48        6.615            4.688        8.628   4.256   5.186    2.863      9.096   0.372      5.470        1.843
49        4.433            1.877        6.197   4.010   0.903    7.909      3.965   3.697      5.282        8.324
50        6.794            6.549        4.909   5.274   2.751    6.324     12.492   1.528      5.881        5.821
51        1.613            3.953        0.000   3.603   5.631    2.128      7.525   3.570      3.590        2.751
52        5.138            0.624        5.934   0.848   1.693    2.583      1.312   1.248      2.591        2.697
;

