transport_do_sklepow_tyg [*,Piaseczno,Buraki,*] (tr)
:  ArabicGroceryShop DobryWarzywniak Krzesak UKermita    :=
1         0.000            0.884       1.623   0.706
2         1.147            1.991       3.641   0.431
3         0.000            0.000       0.000   0.832
4         0.465            1.038       0.000   2.071
5         0.000            1.073       4.971   0.000
6         0.000            1.033       0.000   0.000
7         0.000            1.293       0.000   1.795
8         0.000            0.000       0.000   0.000
9         1.093            1.619       5.939   0.000
10        0.000            0.894       0.000   1.880
11        1.140            0.000       0.000   0.000
12        0.996            0.000       0.000   0.181
13        2.760            2.413       0.000   0.055
14        0.000            0.000       3.033   0.764
15        0.000            0.000       0.000   1.136
16        0.000            2.685       0.000   0.000
17        1.114            0.000       3.445   0.000
18        1.543            0.000       0.000   0.000
19        0.000            2.210       0.000   0.845
20        0.000            0.277       1.171   1.857
21        0.000            0.000       1.814   0.144
22        0.000            1.091       1.482   0.000
23        0.146            1.061       2.850   1.130
24        0.000            1.074       0.000   0.446
25        0.000            0.412       4.537   1.901
26        2.224            3.511       0.000   0.000
27        0.000            0.000       0.000   0.000
28        0.000            0.000       2.766   0.928
29        0.000            0.454       0.000   0.704
30        2.102            1.443       3.000   0.797
31        0.263            0.000       0.000   0.797
32        0.000            2.165       2.001   0.673
33        2.515            0.000       3.896   0.809
34        0.000            1.612       0.000   1.323
35        0.000            0.000       4.953   0.000
36        0.000            2.182       0.000   1.725
37        1.798            0.000       0.000   0.374
38        0.000            1.073       1.463   0.000
39        1.257            2.147       1.962   1.608
40        2.271            0.000       3.435   0.000
41        0.000            1.073       0.000   0.797
42        0.000            1.073       1.547   0.797
43        1.759            2.010       2.257   1.595
44        0.739            1.052       4.825   0.000
45        2.516            0.000       0.000   1.595
46        0.000            2.147       4.711   0.000
47        1.257            0.000       0.000   1.405
48        0.000            1.860       0.000   0.000
49        0.000            0.000       0.000   1.481
50        1.272            2.769       2.593   0.000
51        0.000            0.000       0.000   0.808
52        1.257            0.224       1.478   0.738

 [*,Piaseczno,Kapusta,*] (tr)
:  DobryWarzywniak Krzesak UKermita    :=
1        1.359       0.000   2.070
2        0.000       0.000   0.000
3        2.208       0.000   0.000
4        0.000       0.000   0.020
5        0.000       0.000   0.000
6        2.468       0.000   0.505
7        0.000       0.000   0.344
8        0.000       0.000   0.851
9        0.000       0.000   0.000
10       0.000       2.092   1.140
11       0.710       0.000   0.000
12       0.000       0.000   0.000
13       1.003       0.758   1.901
14       0.000       3.476   0.000
15       1.165       0.000   0.000
16       0.000       0.000   0.215
17       0.465       0.000   0.000
18       1.121       0.000   0.000
19       0.000       0.000   0.000
20       0.525       1.879   0.403
21       0.608       0.000   1.361
22       1.484       0.954   0.000
23       0.000       0.000   0.000
24       0.674       0.000   0.926
25       0.276       1.979   0.000
26       1.382       0.000   1.464
27       0.000       0.923   0.000
28       1.700       2.689   0.000
29       0.000       0.000   0.624
30       0.000       0.000   0.685
31       1.429       0.000   1.477
32       0.000       1.188   0.000
33       1.850       0.000   0.000
34       0.000       0.000   0.628
35       0.000       0.000   0.744
36       0.641       0.000   0.000
37       1.317       1.177   0.723
38       1.148       0.000   1.588
39       0.000       0.000   0.154
40       1.759       0.000   0.000
41       0.000       0.000   0.540
42       0.508       0.000   0.812
43       0.833       3.474   0.943
44       2.022       0.000   0.000
45       0.000       0.000   0.682
46       0.000       0.000   0.946
47       2.324       0.000   0.000
48       0.000       0.000   0.725
49       0.000       1.290   1.125
50       1.238       1.108   0.013
51       0.000       0.000   0.530
52       0.782       0.000   0.479

 [*,Piaseczno,Marchew,*] (tr)
:  DobryWarzywniak Krzesak UKermita    :=
1        1.564       3.262   0.701
2        1.141       0.000   0.396
3        0.000       0.000   0.919
4        2.329       2.605   0.543
5        0.000       0.000   0.640
6        0.941       5.144   1.709
7        2.434       0.000   0.000
8        0.000       0.000   0.000
9        0.000       1.726   0.627
10       1.297       0.000   0.675
11       0.000       0.000   2.427
12       0.000       1.989   0.000
13       2.197       0.000   0.000
14       0.000       3.751   0.000
15       0.000       0.000   0.000
16       1.645       0.000   0.000
17       0.000       0.000   1.565
18       0.989       1.350   0.000
19       2.908       1.031   0.000
20       0.000       5.396   1.014
21       0.493       0.000   0.000
22       0.000       0.000   0.852
23       2.709       0.000   2.105
24       0.000       2.432   0.000
25       0.000       0.000   0.000
26       0.587       0.000   0.842
27       1.065       1.431   1.261
28       0.970       3.539   0.000
29       2.362       0.000   1.807
30       0.000       1.964   0.000
31       0.000       0.000   1.457
32       1.917       1.772   0.000
33       1.303       3.156   1.670
34       0.000       1.903   0.000
35       2.978       0.000   0.523
36       0.000       3.199   0.582
37       0.043       0.000   0.933
38       2.237       1.314   0.596
39       0.000       4.083   0.826
40       2.208       0.000   0.911
41       0.000       6.973   0.901
42       3.047       0.000   0.816
43       0.000       0.319   0.814
44       0.000       0.000   2.018
45       1.064       0.000   0.000
46       1.072       0.000   0.648
47       1.349       1.248   0.500
48       0.536       5.787   0.938
49       1.264       0.000   0.901
50       0.764       0.000   0.670
51       1.064       0.000   0.848
52       1.201       1.307   0.741

 [*,Piaseczno,Ziemniaki,*] (tr)
:  DobryWarzywniak Krzesak UKermita    :=
1        3.193       1.946   0.990
2        0.000       4.869   2.527
3        2.305       0.000   0.000
4        0.000       0.000   0.000
5        3.236       6.722   2.549
6        0.000       0.000   0.000
7        1.032       0.000   0.859
8        2.836       1.271   0.000
9        0.626       0.000   1.807
10       0.000       5.424   0.000
11       0.000       3.771   0.652
12       0.751       0.000   1.799
13       1.161       0.000   0.000
14       1.836       0.000   1.002
15       0.000       0.000   0.000
16       1.612       9.840   0.000
17       0.752       0.000   1.052
18       1.367       0.000   0.000
19       1.023       2.034   2.739
20       2.249       0.000   0.000
21       0.000       2.609   0.000
22       2.935       0.000   2.255
23       0.000       0.752   0.068
24       3.046       0.000   1.016
25       0.000       6.804   1.896
26       0.000       0.000   0.241
27       1.799       0.597   0.525
28       1.432       0.000   2.587
29       2.176       9.407   0.000
30       0.000       0.000   2.453
31       1.172       0.000   0.000
32       1.739       1.299   0.849
33       1.545       0.000   1.773
34       1.116       2.278   1.473
35       2.444       5.750   0.096
36       0.000       0.000   2.269
37       2.962       0.899   0.000
38       0.000       9.006   1.988
39       2.246       0.000   0.000
40       1.166       0.000   1.450
41       1.595       0.000   2.496
42       1.697       5.701   1.209
43       1.476       0.000   0.000
44       1.163       1.478   1.338
45       3.061       7.797   1.232
46       0.018       0.000   1.206
47       1.811       0.000   2.595
48       2.566       0.000   0.629
49       0.362       5.760   0.306
50       1.121       0.000   0.998
51       2.958       0.000   2.096
52       0.000       1.899   0.000

 [*,Pruszkow,Buraki,*] (tr)
:  ArabicGroceryShop UAktora UCHLOPAKOW UPanaWojtka    :=
1         1.255        3.601    1.244       0.000
2         0.000        0.000    2.071       0.000
3         1.156        0.000    0.000       0.000
4         0.699        0.585    3.105       0.000
5         0.873        1.534    0.000       0.014
6         3.388        0.000    0.000       0.000
7         0.000        2.833    2.602       0.000
8         0.000        0.000    0.000       0.000
9         0.000        0.000    0.000       0.000
10        1.139        0.455    2.560       0.000
11        0.000        4.317    0.000       0.000
12        0.000        0.000    0.000       0.000
13        0.000        0.000    3.253       0.000
14        0.000        1.102    0.000       0.000
15        1.058        0.000    0.000       0.000
16        0.000        0.000    0.000       0.000
17        0.000        0.000    1.459       0.000
18        0.000        0.892    0.000       0.000
19        1.314        1.094    1.747       0.000
20        0.000        0.747    0.000       0.000
21        0.816        0.574    0.890       0.000
22        2.035        1.490    0.827       0.000
23        0.000        0.000    4.070       0.000
24        2.373        2.138    0.000       0.000
25        0.097        0.000    0.000       0.000
26        0.000        0.560    0.900       0.000
27        0.000        2.224    1.202       0.000
28        1.691        0.000    0.765       0.000
29        0.830        0.870    2.569       0.000
30        0.000        2.277    0.000       1.238
31        0.000        0.000    2.723       0.000
32        1.257        3.239    0.000       0.000
33        0.000        0.000    2.125       0.000
34        0.000        0.000    0.166       0.000
35        2.340        1.150    1.184       0.000
36        0.000        0.662    3.211       0.000
37        0.000        1.170    0.000       0.000
38        0.717        1.911    0.000       0.532
39        0.000        0.000    3.134       1.227
40        0.000        1.162    0.000       0.000
41        0.000        2.285    0.000       0.000
42        1.280        0.000    1.427       0.000
43        0.000        0.929    1.609       1.227
44        0.000        0.960    2.516       0.000
45        0.000        2.490    1.179       0.000
46        0.000        0.000    0.085       0.000
47        0.000        0.559    1.219       0.000
48        2.114        0.735    1.395       0.000
49        0.000        1.120    2.084       0.000
50        0.000        0.676    0.000       0.000
51        1.257        1.627    1.206       0.000
52        0.000        0.000    0.756       0.672

 [*,Pruszkow,Kapusta,*] (tr)
:  Krzesak UAktora UCHLOPAKOW    :=
1    2.539   1.267    1.337
2    0.000   0.000    0.000
3    0.000   1.327    0.776
4    0.900   0.000    1.939
5    1.478   0.000    0.000
6    0.000   0.000    0.000
7    0.966   0.000    0.641
8    0.647   0.652    2.652
9    0.862   0.000    0.000
10   0.000   0.413    0.000
11   0.000   0.947    0.000
12   0.179   0.000    0.000
13   0.000   0.000    1.783
14   0.000   0.000    0.000
15   0.000   0.000    0.000
16   0.000   1.588    2.319
17   0.030   0.000    0.000
18   0.000   0.000    0.000
19   0.702   0.000    0.000
20   0.000   0.000    0.000
21   0.000   0.352    1.083
22   0.000   0.784    0.000
23   1.800   0.000    1.414
24   0.000   0.000    0.000
25   0.000   0.000    2.644
26   0.000   1.648    0.000
27   0.000   0.000    0.000
28   0.000   0.000    1.260
29   0.000   0.737    0.000
30   0.000   0.722    1.763
31   5.268   2.359    0.000
32   0.000   0.000    0.958
33   0.418   0.000    2.197
34   0.000   0.000    0.000
35   0.000   0.000    0.000
36   0.000   0.000    2.644
37   0.000   0.712    0.000
38   2.106   1.257    0.000
39   0.000   0.000    0.071
40   3.175   0.000    1.346
41   0.000   0.000    0.000
42   0.000   0.000    0.905
43   0.000   0.000    1.863
44   0.000   1.949    0.000
45   0.000   0.000    0.804
46   0.855   0.000    1.055
47   0.861   2.282    2.997
48   2.470   0.000    0.000
49   0.000   0.000    0.000
50   0.000   0.000    0.000
51   0.000   0.000    0.798
52   0.000   0.000    0.500

 [*,Pruszkow,Marchew,*] (tr)
:  ArabicGroceryShop Krzesak UAktora UCHLOPAKOW    :=
1         1.122        0.000   1.081    1.153
2         1.298        0.308   1.637    2.212
3         3.804        0.000   1.247    0.000
4         0.000        0.000   0.000    1.796
5         0.000        0.000   2.282    0.000
6         1.379        0.000   0.000    1.739
7         0.000        0.000   0.000    0.000
8         1.133        0.000   1.021    2.416
9         3.554        0.000   2.107    0.000
10        0.253        0.000   0.000    1.146
11        0.000        0.000   0.000    0.000
12        1.326        0.000   1.957    0.938
13        0.000        0.000   0.000    0.000
14        1.383        0.000   0.000    0.899
15        0.000        0.000   2.120    4.306
16        2.208        0.000   0.000    0.000
17        0.000        0.000   0.000    0.000
18        3.304        0.000   1.358    0.000
19        0.000        0.000   1.086    0.000
20        0.000        0.000   0.000    0.000
21        0.000        0.000   4.448    2.473
22        1.059        0.000   0.000    0.000
23        3.492        0.000   0.000    0.561
24        0.000        0.000   0.000    2.275
25        0.000        0.000   0.000    0.000
26        1.954        1.713   0.019    3.886
27        0.148        0.000   1.871    0.000
28        1.365        0.000   0.000    0.276
29        1.286        0.000   2.089    0.000
30        2.438        0.000   0.000    2.536
31        0.000        0.000   1.952    0.000
32        1.338        0.000   0.000    4.280
33        1.430        0.000   1.599    0.000
34        1.421        0.000   1.000    0.000
35        0.971        0.000   1.170    1.426
36        2.619        0.000   3.297    0.000
37        0.020        0.000   0.000    1.800
38        2.129        0.000   0.132    0.000
39        0.598        0.000   0.000    2.143
40        2.161        0.000   1.329    0.000
41        2.971        0.000   1.300    0.797
42        0.000        0.000   4.220    2.619
43        0.000        0.000   0.000    0.000
44        3.738        0.000   0.643    2.675
45        0.000        1.174   0.000    0.000
46        0.029        0.000   0.000    3.961
47        1.421        0.000   0.865    0.012
48        1.896        0.000   2.300    0.000
49        0.000        0.000   0.000    1.302
50        2.551        0.000   0.000    2.485
51        0.000        0.000   1.481    0.000
52        1.281        0.000   0.000    0.000

 [*,Pruszkow,Ziemniaki,*] (tr)
:  Krzesak UAktora UCHLOPAKOW    :=
1    0.000   1.551    5.266
2    0.000   2.487    0.000
3    0.000   0.000    0.000
4    0.000   2.731    0.671
5    0.000   0.000    1.362
6    0.000   3.421    1.120
7    0.000   0.000    3.365
8    0.000   0.000    0.000
9    0.000   2.908    0.000
10   0.000   0.000    2.401
11   0.000   0.000    0.000
12   0.000   0.779    3.876
13   0.000   2.276    0.000
14   0.000   0.000    0.661
15   0.000   0.770    0.000
16   0.000   2.241    2.405
17   0.000   0.000    0.621
18   0.000   4.455    0.000
19   0.000   0.000    1.991
20   0.000   0.000    0.000
21   0.000   0.877    4.112
22   0.000   0.000    0.000
23   0.000   2.236    0.000
24   0.000   0.000    2.987
25   0.000   3.636    0.218
26   0.587   0.000    1.668
27   0.000   0.461    2.676
28   0.000   0.000    0.000
29   0.000   0.000    4.248
30   0.000   1.361    0.134
31   0.000   0.000    2.636
32   0.000   1.269    0.000
33   0.000   2.122    1.220
34   0.000   3.500    1.773
35   0.000   0.067    3.172
36   0.000   0.000    0.000
37   0.000   2.639    1.398
38   0.000   0.000    3.910
39   0.000   4.394    0.000
40   0.000   0.000    0.255
41   0.000   0.882    4.880
42   0.000   1.101    0.000
43   0.000   1.693    1.883
44   0.000   1.238    0.000
45   0.000   1.289    3.856
46   0.000   0.000    0.000
47   0.000   0.000    1.624
48   0.000   1.212    1.980
49   0.000   0.000    3.741
50   0.000   0.000    1.591
51   0.000   1.341    0.000
52   0.000   0.777    0.000

 [*,Zielonka,Buraki,*] (tr)
:  Stoisko UKarolci UPanaWojtka VegitoWarzywa    :=
1    1.181   4.938      3.312        2.533
2    3.652   0.000      0.000        0.000
3    0.000   0.000      1.278        3.196
4    0.000   1.883      0.000        0.000
5    0.354   3.254      2.274        0.000
6    0.952   0.000      0.000        1.103
7    3.416   2.709      1.112        1.971
8    0.000   0.000      3.962        0.000
9    0.000   1.560      0.000        4.070
10   0.055   2.383      0.511        0.241
11   1.819   0.000      0.000        0.000
12   0.000   7.598      0.945        0.000
13   0.858   0.000      1.044        3.166
14   1.396   0.000      3.017        0.000
15   0.000   0.000      0.000        0.000
16   0.683   0.000      0.000        2.485
17   2.259   0.790      1.142        0.000
18   0.000   4.716      2.459        0.851
19   1.298   0.000      0.000        1.158
20   0.000   0.000      0.906        1.212
21   2.636   1.356      2.185        4.329
22   1.056   6.291      0.000        0.000
23   0.000   0.000      1.991        0.000
24   0.000   0.000      1.614        0.000
25   0.946   0.000      0.000        1.477
26   3.152   5.951      2.247        3.521
27   0.000   0.000      0.000        0.000
28   0.024   0.000      2.284        0.000
29   1.520   2.058      0.000        2.532
30   0.524   3.775      0.000        0.000
31   1.083   0.000      2.453        2.128
32   1.073   3.972      0.000        3.183
33   1.444   0.000      3.552        0.415
34   0.945   4.110      0.000        0.000
35   0.891   0.000      0.000        1.414
36   0.000   2.156      3.092        1.174
37   2.374   1.974      0.000        1.578
38   0.000   1.824      0.000        1.384
39   1.731   2.299      0.000        1.160
40   0.000   6.153      2.876        1.568
41   1.900   0.000      0.000        1.533
42   0.000   0.000      0.804        3.459
43   1.096   2.028      0.000        0.000
44   3.220   6.376      1.227        0.731
45   0.000   0.000      1.227        2.765
46   0.000   0.434      1.227        0.000
47   1.073   3.033      2.453        2.536
48   2.147   0.000      0.000        0.000
49   0.000   2.026      1.081        2.564
50   0.539   5.758      2.944        0.000
51   1.807   0.000      0.000        1.329
52   0.000   0.000      0.000        1.508

 [*,Zielonka,Kapusta,*] (tr)
:  ArabicGroceryShop Stoisko UAktora UKarolci UPanaWojtka VegitoWarzywa    :=
1         0.715        0.849   0.000   1.213      0.766        1.594
2         1.630        0.542   0.000   4.288      0.821        0.000
3         0.000        1.355   0.731   0.000      1.330        3.742
4         2.249        0.000   0.000   0.000      0.000        0.000
5         0.000        0.703   1.384   0.000      1.464        0.000
6         0.000        1.637   0.000   0.963      0.000        0.000
7         2.102        0.000   0.000   1.711      1.068        0.000
8         0.000        0.000   0.000   0.000      0.432        0.316
9         0.000        1.846   0.000   3.757      0.748        0.842
10        0.730        0.000   0.000   0.148      0.522        1.233
11        2.071        0.000   0.000   0.000      2.146        0.000
12        0.000        1.031   0.537   0.000      0.000        2.151
13        0.000        0.000   0.000   0.406      0.000        0.000
14        1.715        0.915   0.873   0.945      0.541        0.000
15        0.000        0.000   0.000   1.530      1.335        1.457
16        0.000        1.572   0.000   0.000      0.000        0.000
17        1.218        0.000   0.000   1.105      0.718        2.000
18        0.000        0.000   0.000   0.931      0.810        0.000
19        1.338        0.406   1.145   2.951      1.311        0.000
20        0.000        2.419   0.000   0.000      0.000        1.349
21        2.876        0.000   0.000   0.000      0.710        0.000
22        0.000        0.000   0.000   2.005      2.055        0.758
23        0.000        0.000   0.200   0.000      0.000        2.972
24        0.000        0.654   1.349   1.008      0.256        0.000
25        0.786        1.907   0.000   3.428      0.768        0.000
26        0.630        0.000   0.000   0.000      2.232        0.191
27        0.778        0.112   0.000   0.000      0.067        1.611
28        2.740        0.953   0.000   2.697      0.000        0.000
29        0.000        0.928   0.000   0.000      1.682        1.523
30        0.745        0.637   0.000   2.717      0.000        0.000
31        0.000        1.680   0.000   0.000      1.060        2.274
32        0.922        0.292   0.000   1.078      1.501        0.000
33        1.110        0.000   0.000   4.079      0.000        1.625
34        1.093        1.058   1.000   0.000      0.850        1.756
35        2.703        0.000   1.235   0.000      0.895        0.000
36        0.000        0.609   0.000   2.810      0.990        0.000
37        1.716        0.658   0.000   0.000      0.724        1.939
38        0.000        0.948   0.000   3.997      1.904        0.000
39        0.000        1.357   0.000   0.000      0.000        1.891
40        0.938        0.000   1.639   0.000      0.962        0.000
41        0.601        0.894   0.725   4.386      1.078        0.951
42        1.139        1.148   0.000   1.261      1.067        1.713
43        2.225        0.000   0.842   0.000      1.966        0.000
44        0.000        0.791   0.000   0.000      0.000        0.898
45        0.439        0.644   0.000   3.788      1.041        1.740
46        1.021        0.775   0.000   0.000      1.070        0.000
47        1.026        1.162   0.000   0.000      0.956        0.857
48        0.619        0.433   0.000   2.336      1.664        2.484
49        1.587        1.779   0.000   0.000      0.000        0.000
50        0.000        0.000   0.000   1.227      1.596        0.000
51        0.870        0.000   1.061   2.476      0.000        1.830
52        0.892        0.467   0.000   0.000      0.846        0.000

 [*,Zielonka,Marchew,*] (tr)
:  Stoisko UKarolci UPanaWojtka VegitoWarzywa    :=
1    1.215   1.803      2.306        1.344
2    1.288   4.178      0.000        1.034
3    0.528   3.603      1.956        1.091
4    2.740   0.000      0.000        0.987
5    0.000   0.000      2.573        3.226
6    0.117   0.000      0.000        0.000
7    0.961   1.255      1.769        0.000
8    0.620   7.212      0.000        0.620
9    0.832   0.000      1.822        1.970
10   0.865   0.000      0.000        0.000
11   2.467   0.000      2.662        1.026
12   0.000   0.000      0.000        3.264
13   0.000   0.000      0.302        0.000
14   1.026   3.609      1.761        0.000
15   0.365   0.000      0.000        0.715
16   2.285   0.000      4.425        1.337
17   0.000   2.914      0.000        0.989
18   0.000   0.000      0.250        5.749
19   1.639   2.899      0.000        0.000
20   0.000   0.127      0.539        0.000
21   0.902   1.265      2.052        0.000
22   1.842   3.244      0.000        0.000
23   0.000   0.000      2.398        0.411
24   2.382   1.361      0.000        4.359
25   0.000   1.305      2.445        0.000
26   0.000   1.813      0.000        0.000
27   2.279   1.604      0.969        0.000
28   0.000   2.148      3.070        3.809
29   2.125   1.877      0.000        0.000
30   0.000   1.469      0.427        2.915
31   1.178   2.292      1.387        0.000
32   1.097   1.670      1.184        0.000
33   3.806   2.066      0.977        1.561
34   0.000   1.903      1.297        3.386
35   0.000   5.978      2.637        0.000
36   0.745   0.000      0.000        0.000
37   0.768   0.000      1.089        3.914
38   0.000   3.717      2.282        0.000
39   1.860   0.000      0.401        0.000
40   0.000   2.015      1.397        4.342
41   1.993   1.888      2.511        0.000
42   0.000   3.502      0.263        1.340
43   2.277   2.730      2.034        0.000
44   0.021   0.000      0.674        2.824
45   1.151   1.613      1.393        0.000
46   1.086   1.883      2.934        1.056
47   2.815   3.802      0.539        1.330
48   0.000   0.000      0.687        1.012
49   0.518   1.732      0.929        3.136
50   1.822   3.831      1.249        0.000
51   0.408   1.563      2.286        0.580
52   0.000   0.000      0.000        1.465

 [*,Zielonka,Ziemniaki,*] (tr)
:  ArabicGroceryShop Stoisko UAktora UKarolci UPanaWojtka VegitoWarzywa    :=
1         5.108        1.690   0.000   2.564      1.617        1.864
2         0.000        1.069   0.000   1.873      1.704        2.956
3         0.210        1.463   0.000   1.968      1.584        0.000
4         1.081        1.439   0.000   2.543      1.214        2.628
5         2.726        3.094   0.000   5.561      1.316        0.000
6         0.000        0.551   0.000   0.834      1.690        4.559
7         1.340        0.000   0.000   0.000      3.101        2.329
8         3.958        2.874   0.000   3.465      0.000        0.000
9         0.000        0.484   0.000   0.000      2.225        0.000
10        0.583        0.000   0.000   3.295      1.904        0.000
11        2.843        1.651   0.000   1.658      0.000        4.414
12        0.000        0.785   0.000   0.000      1.290        0.000
13        3.298        4.480   0.000   5.111      3.595        0.000
14        0.000        0.000   0.000   0.000      0.000        1.517
15        0.000        0.000   0.000   0.135      0.113        1.232
16        3.715        0.739   0.000   9.379      1.447        4.930
17        1.903        0.000   0.000   0.000      1.514        0.000
18        0.000        3.875   0.000   0.650      1.679        0.000
19        0.000        0.000   0.000   0.000      3.563        0.981
20        1.373        0.000   0.000   0.000      1.853        1.575
21        3.397        0.891   0.000   3.823      0.000        1.920
22        0.000        1.000   0.000   0.000      2.062        0.728
23        0.412        1.228   0.000   2.124      0.000        3.070
24        1.902        1.319   0.000   7.410      3.339        0.000
25        4.513        2.032   0.000   0.000      1.262        1.893
26        0.000        0.520   0.000   0.000      0.161        2.859
27        0.026        1.460   0.000   5.844      1.426        0.000
28        1.925        3.314   3.893   0.000      1.473        3.568
29        3.320        0.560   0.000   6.548      1.538        0.000
30        0.000        3.968   0.000   0.000      3.944        1.435
31        4.158        0.000   0.000   0.071      0.135        2.039
32        1.877        0.686   0.000   6.309      3.504        2.577
33        0.000        0.875   0.000   0.000      0.382        3.464
34        3.777        0.811   0.000   1.645      0.927        0.000
35        0.000        1.373   0.000   3.765      2.731        4.065
36        1.653        2.661   0.850   2.101      0.998        1.445
37        1.754        0.000   0.000   2.593      1.568        0.000
38        2.290        3.034   0.000   3.678      2.118        4.473
39        4.158        0.147   0.000   5.100      4.086        0.000
40        0.000        1.323   0.000   0.000      0.000        1.446
41        1.769        1.720   0.000   2.162      1.969        3.865
42        1.369        3.528   0.000   3.186      3.733        0.000
43        2.194        0.000   0.000   2.663      0.640        3.759
44        1.493        0.717   0.000   3.156      1.792        0.000
45        1.754        2.506   0.000   3.491      3.810        2.088
46        3.979        0.464   3.812   4.633      0.528        6.378
47        0.162        1.508   0.000   0.000      1.918        0.000
48        2.655        1.784   0.000   7.361      3.170        0.000
49        0.000        1.496   0.000   0.000      2.111        0.341
50        3.101        3.158   0.960   0.065      0.000        5.511
51        0.415        0.000   0.000   3.346      1.407        0.000
52        1.819        0.000   0.000   1.756      1.726        0.000
;

