sum{m in MAGAZYNY, w in WARZYWA} transport_do_sklepow_tyg[s,m,w,t] [*,*] (tr)
:  ArabicGroceryShop DobryWarzywniak  Krzesak Stoisko UAktora UCHLOPAKOW UKarolci UKermita UPanaWojtka VegitoWarzywa    :=
1         8.200            7.000        9.369   4.934   7.500    9.000     10.519   4.466      8.000        7.335
2         4.076            3.132        8.817   6.551   4.124    4.283     10.340   3.354      2.525        3.990
3         5.170            4.513        0.000   3.346   3.305    0.776      5.571   1.750      6.148        8.030
4         4.494            3.367        3.505   4.179   3.316    7.511      4.426   2.634      1.214        3.614
5         3.599            4.309       13.171   4.151   5.201    1.362      8.815   3.189      7.641        3.226
6         4.768            4.442        5.144   3.256   3.421    2.859      1.797   2.213      1.690        5.662
7         3.441            4.759        0.966   4.377   2.833    6.607      5.676   2.998      7.050        4.300
8         5.091            2.836        1.919   3.493   1.673    5.068     10.677   0.851      4.395        0.936
9         4.647            2.245        8.527   3.161   5.015    0.000      5.316   2.434      4.795        6.882
10        2.705            2.192        7.516   0.919   0.869    6.107      5.826   3.694      2.937        1.474
11        6.054            0.710        3.771   5.938   5.264    0.000      1.658   3.079      4.808        5.440
12        2.322            0.751        2.168   1.816   3.274    4.815      7.598   1.980      2.234        5.414
13        6.058            6.774        0.758   5.338   2.276    5.036      5.517   1.955      4.942        3.166
14        3.099            1.836       10.259   3.338   1.975    1.560      4.554   1.766      5.319        1.517
15        1.058            1.165        0.000   0.365   2.891    4.306      1.665   1.136      1.448        3.404
16        5.923            5.942        9.840   5.279   3.829    4.724      9.379   0.215      5.872        8.752
17        4.236            1.217        3.475   2.259   0.000    2.080      4.809   2.617      3.374        2.989
18        4.847            3.476        1.350   3.875   6.704    0.000      6.297   0.000      5.198        6.600
19        2.651            6.141        3.767   3.343   3.325    3.738      5.850   3.585      4.874        2.138
20        1.373            3.051        8.446   2.419   0.747    0.000      0.127   3.274      3.298        4.137
21        7.089            1.101        4.424   4.429   6.250    8.559      6.444   1.505      4.947        6.249
22        3.094            5.511        2.436   3.897   2.274    0.827     11.541   3.107      4.117        1.486
23        4.050            3.770        5.402   1.228   2.436    6.044      2.124   3.302      4.388        6.452
24        4.276            4.795        2.432   4.355   3.488    5.261      9.778   2.389      5.209        4.359
25        5.395            0.688       13.321   4.884   3.636    2.862      4.733   3.798      4.476        3.370
26        4.808            5.479        2.300   3.673   2.228    6.453      7.764   2.548      4.641        6.571
27        0.952            2.864        2.951   3.851   4.556    3.878      7.448   1.786      2.462        1.611
28        7.721            4.102        8.994   4.290   3.893    2.302      4.845   3.515      6.826        7.377
29        5.436            4.992        9.407   5.133   3.696    6.817     10.482   3.135      3.220        4.055
30        5.285            1.443        4.964   5.129   4.360    4.433      7.962   3.935      5.609        4.351
31        4.422            2.602        5.268   3.941   4.310    5.359      2.363   3.731      5.035        6.441
32        5.394            5.821        6.259   3.148   4.508    5.237     13.029   1.522      6.189        5.761
33        5.055            4.697        7.470   6.125   3.720    5.543      6.145   4.252      4.911        7.065
34        6.292            2.728        4.181   2.814   5.500    1.938      7.659   3.424      3.074        5.142
35        6.013            5.422       10.703   2.264   3.622    5.782      9.743   1.363      6.263        5.479
36        4.273            2.823        3.199   4.015   4.810    5.854      7.067   4.577      5.080        2.619
37        5.287            4.322        2.076   3.801   4.521    3.198      4.567   2.030      3.381        7.431
38        5.136            4.458       13.889   3.982   3.299    3.910     13.216   4.172      6.835        5.857
39        6.013            4.393        6.045   5.094   4.394    5.347      7.399   2.588      5.713        3.051
40        5.369            5.133        6.611   1.323   4.130    1.601      8.168   2.361      5.236        7.356
41        5.342            2.668        6.973   6.507   5.192    5.677      8.435   4.735      5.558        6.349
42        3.788            6.325        7.248   4.676   5.321    4.950      7.949   3.634      5.867        6.511
43        6.177            4.318        6.050   3.373   3.464    5.355      7.421   3.352      5.867        3.759
44        5.970            4.237        6.303   4.748   4.789    5.191      9.532   3.356      3.692        4.454
45        4.709            4.125        8.971   4.302   3.779    5.839      8.892   3.508      7.470        6.593
46        5.029            3.237        5.566   2.325   3.812    5.100      6.951   2.800      5.759        7.433
47        3.867            5.483        2.110   6.558   3.706    5.852      6.835   4.501      5.866        4.723
48        7.284            4.962        8.257   4.363   4.248    3.374      9.697   2.292      5.522        3.496
49        1.587            1.626        7.050   3.793   1.120    7.126      3.759   3.813      4.121        6.041
50        6.924            5.892        3.702   5.519   1.637    4.076     10.880   1.681      5.788        5.511
51        2.543            4.023        0.000   2.215   5.510    2.004      7.384   4.281      3.693        3.739
52        5.249            2.207        4.684   0.467   0.777    1.256      1.756   1.958      3.244        2.973
;

