sum{m in MAGAZYNY, w in WARZYWA} transport_do_sklepow_tyg[s,m,w,t]*koszt_transportu*dystans_sklep_magazyn[s,m] [*,*]
:  ArabicGroceryShop DobryWarzywniak   Krzesak    Stoisko   UAktora UCHLOPAKOW   UKarolci  UKermita UPanaWojtka VegitoWarzywa    :=
1        784.580          479.500       853.005   500.804   690.000   729.000     967.758   290.311    816.000      605.126
2        378.135          214.512       798.589   664.972   379.415   346.938     951.241   218.028    257.578      329.197
3        466.986          309.140         0.000   339.649   317.187    62.860     512.568   113.781    627.086      662.448
4        430.383          230.624       318.984   424.144   305.027   608.387     407.233   171.242    123.868      298.170
5        345.712          295.188      1194.952   421.368   503.374   110.316     810.950   207.300    779.407      266.169
6        429.078          304.284       465.557   330.491   314.730   231.577     165.319   143.862    172.405      467.096
7        337.258          325.990        89.398   444.253   260.620   535.197     522.154   194.900    719.150      354.771
8        489.898          194.274       174.947   354.583   153.896   410.493     982.315    55.345    448.251       77.221
9        416.569          153.814       773.460   320.871   461.400     0.000     489.086   158.187    489.123      567.763
10       253.957          150.134       680.182    93.316    79.909   494.687     536.025   240.120    299.608      121.637
11       582.444           48.614       341.290   602.658   484.261     0.000     152.545   200.133    490.463      448.798
12       207.483           51.425       196.585   184.315   310.907   390.002     698.993   128.672    227.904      446.690
13       567.480          464.022        68.568   541.802   209.427   407.925     507.546   127.099    504.040      261.235
14       292.619          125.748       928.427   338.805   197.403   126.343     418.962   114.808    542.499      125.122
15        95.223           79.790         0.000    37.005   265.927   348.817     153.219    73.820    147.681      280.859
16       562.813          407.032       890.494   535.775   352.273   382.664     862.854    14.004    598.948      722.040
17       404.500           83.360       314.588   229.288     0.000   168.480     442.399   170.090    344.156      246.633
18       433.924          238.118       122.212   393.295   616.753     0.000     579.284     0.000    530.239      544.528
19       249.328          420.657       342.332   339.295   326.491   302.760     538.174   233.002    497.129      176.401
20       134.514          208.976       764.350   245.528    68.711     0.000      11.723   212.822    336.369      341.272
21       688.188           75.401       400.360   449.568   575.038   693.254     592.840    97.817    504.595      515.535
22       278.439          377.493       220.428   395.590   209.224    66.964    1061.730   201.929    419.918      122.589
23       367.554          258.213       492.514   124.594   227.751   489.599     195.410   214.640    447.620      532.321
24       400.042          328.457       220.061   442.031   345.138   426.179     899.572   155.295    531.273      359.619
25       527.972           47.130      1205.539   495.771   334.541   231.798     435.428   246.847    456.534      278.015
26       434.414          375.333       212.739   372.794   204.983   522.691     714.299   165.612    473.396      542.147
27        92.141          196.201       267.061   390.888   419.182   314.117     685.199   116.074    251.156      132.904
28       732.244          281.011       813.936   435.443   428.200   186.452     445.763   228.482    696.289      608.596
29       515.776          341.954       851.312   521.025   340.056   552.199     964.369   203.774    328.425      334.530
30       478.477           98.852       449.201   520.565   401.118   359.059     732.493   255.763    570.223      358.932
31       430.837          178.203       487.296   399.963   396.555   434.049     217.416   242.521    513.565      531.358
32       507.845          398.711       566.480   319.504   414.708   424.225    1198.688    98.916    631.234      475.253
33       460.022          321.774       676.870   621.690   342.277   448.955     565.364   276.364    500.897      582.823
34       605.250          186.892       378.343   285.662   523.977   157.004     704.595   222.555    313.574      424.243
35       562.816          371.411       968.596   229.776   355.431   468.340     896.315    88.566    638.793      452.057
36       397.757          193.365       289.468   407.500   457.797   474.213     650.152   297.494    518.151      216.059
37       500.938          296.028       187.905   385.784   415.926   259.040     420.133   131.972    344.892      613.062
38       480.548          305.380      1261.137   404.185   303.534   316.680    1215.843   271.205    696.401      483.233
39       572.563          300.929       547.050   517.062   404.215   433.133     680.691   168.247    580.889      251.674
40       487.337          351.594       604.614   134.312   409.500   129.701     751.470   153.468    534.034      606.869
41       499.701          182.767       631.020   660.472   490.723   459.841     776.064   307.757    566.916      523.804
42       360.990          433.269       655.927   474.600   489.535   400.930     731.322   236.207    598.398      537.176
43       588.673          295.786       547.539   342.375   333.844   433.749     682.754   217.903    596.551      310.131
44       548.139          290.226       570.442   481.945   440.618   420.483     876.929   218.130    376.598      367.434
45       437.540          282.591       814.221   436.666   347.639   472.974     818.088   228.039    761.961      543.903
46       492.600          221.735       505.451   236.000   419.271   413.140     639.473   181.990    587.396      613.254
47       355.617          375.610       192.644   665.663   340.940   474.047     628.782   292.549    598.376      389.632
48       681.778          339.876       752.211   442.826   390.821   273.324     892.133   148.994    563.240      288.428
49       155.488          111.389       637.981   384.940   103.024   577.233     345.814   247.861    420.311      498.378
50       646.043          403.632       334.986   560.147   167.866   330.152    1000.989   109.268    590.397      454.650
51       239.162          275.556         0.000   224.830   526.054   162.360     679.347   278.271    376.678      308.433
52       492.169          151.208       423.914    47.423    71.459   101.713     161.519   127.272    329.855      245.264
;

